/* 
 * vi: ft=cpp
 * Bytecode for the compiler
 */

{0,   94,  0,   95,  0,   96,  11,  3,   33,  0,   0,   33,  0,   1,
 33,  0,   2,   12,  3,   48,  6,   0,   58,  0,   0,   0,   88,  17,
 33,  0,   3,   48,  6,   34,  0,   0,   32,  0,   1,   34,  0,   2,
 32,  0,   3,   0,   21,  0,   97,  17,  0,   98,  0,   99,  0,   100,
 0,   101, 0,   102, 0,   103, 0,   20,  0,   60,  0,   50,  11,  2,
 17,  0,   43,  0,   33,  26,  0,   59,  17,  0,   104, 0,   58,  0,
 25,  16,  0,   0,   0,   89,  17,  0,   61,  33,  0,   4,   48,  0,
 25,  16,  0,   45,  0,   0,   26,  0,   106, 17,  0,   20,  16,  0,
 42,  0,   21,  26,  0,   105, 17,  0,   62,  0,   0,   0,   88,  17,
 0,   21,  0,   109, 17,  0,   21,  0,   108, 0,   24,  0,   59,  17,
 17,  0,   21,  0,   107, 17,  0,   110, 11,  15,  0,   44,  0,   13,
 26,  0,   11,  0,   51,  0,   22,  27,  0,   21,  21,  16,  33,  0,
 5,   33,  0,   6,   12,  2,   48,  6,   32,  0,   6,   0,   49,  0,
 0,   26,  0,   27,  0,   63,  21,  0,   53,  0,   42,  0,   44,  0,
 22,  26,  26,  27,  16,  33,  0,   7,   33,  0,   8,   33,  0,   9,
 33,  0,   10,  33,  0,   11,  33,  0,   12,  33,  0,   13,  33,  0,
 14,  33,  0,   15,  33,  0,   16,  33,  0,   17,  33,  0,   18,  33,
 0,   19,  33,  0,   20,  33,  0,   21,  12,  15,  48,  6,   0,   34,
 0,   53,  0,   1,   27,  0,   12,  0,   9,   0,   15,  0,   52,  0,
 63,  27,  21,  0,   34,  0,   52,  0,   64,  27,  21,  33,  0,   22,
 48,  6,   32,  0,   10,  0,   34,  16,  33,  0,   23,  48,  6,   0,
 65,  0,   1,   0,   53,  0,   22,  27,  16,  0,   0,   32,  0,   16,
 17,  33,  0,   24,  48,  6,   32,  0,   16,  0,   34,  16,  0,   0,
 0,   66,  17,  33,  0,   25,  48,  6,   0,   13,  0,   11,  0,   64,
 21,  0,   42,  0,   30,  26,  0,   111, 21,  0,   53,  0,   21,  27,
 33,  0,   26,  48,  6,   1,   1,   33,  0,   27,  48,  6,   1,   2,
 32,  0,   5,   26,  33,  0,   28,  48,  6,   0,   114, 0,   30,  0,
 52,  34,  0,   1,   0,   53,  0,   37,  27,  27,  16,  32,  0,   28,
 16,  33,  0,   29,  48,  6,   32,  0,   17,  0,   34,  16,  33,  0,
 30,  48,  0,   0,   0,   64,  17,  33,  0,   31,  48,  6,   0,   64,
 0,   68,  0,   69,  0,   59,  0,   59,  0,   70,  0,   59,  0,   63,
 11,  2,   0,   71,  0,   63,  0,   65,  0,   72,  11,  2,   0,   30,
 16,  0,   8,   16,  11,  10,  0,   41,  34,  0,   6,   26,  0,   23,
 0,   13,  21,  0,   53,  0,   42,  0,   44,  0,   20,  26,  26,  27,
 16,  0,   21,  16,  0,   42,  0,   21,  26,  0,   67,  17,  33,  0,
 32,  48,  6,   0,   2,   0,   49,  0,   6,   26,  20,  33,  0,   33,
 48,  6,   32,  0,   33,  0,   52,  0,   13,  0,   50,  0,   25,  27,
 27,  33,  0,   34,  48,  6,   32,  0,   33,  0,   52,  0,   13,  0,
 50,  0,   25,  27,  0,   0,   0,   64,  21,  27,  33,  0,   35,  48,
 6,   0,   18,  0,   30,  0,   10,  21,  0,   42,  0,   21,  26,  0,
 30,  0,   21,  21,  0,   64,  21,  33,  0,   36,  48,  6,   1,   3,
 33,  0,   37,  48,  6,   1,   4,   33,  0,   38,  48,  6,   1,   5,
 33,  0,   39,  48,  6,   1,   6,   33,  0,   40,  48,  7,   34,  0,
 1,   0,   11,  16,  0,   44,  1,   7,   26,  34,  0,   4,   17,  0,
 21,  16,  7,   32,  1,   27,  32,  1,   26,  0,   52,  0,   112, 27,
 0,   113, 0,   19,  11,  3,   26,  0,   40,  20,  33,  0,   2,   48,
 6,   32,  0,   1,   0,   53,  0,   33,  27,  0,   53,  0,   17,  0,
 57,  0,   18,  0,   30,  0,   13,  21,  0,   50,  34,  0,   2,   27,
 27,  27,  0,   18,  0,   19,  21,  33,  0,   3,   48,  6,   32,  0,
 1,   0,   31,  16,  33,  0,   4,   48,  6,   0,   19,  0,   31,  34,
 0,   1,   0,   33,  32,  0,   4,   17,  21,  0,   6,   0,   64,  21,
 0,   42,  0,   1,   26,  0,   64,  21,  0,   42,  0,   33,  26,  34,
 0,   4,   21,  34,  0,   3,   0,   19,  21,  7,   34,  0,   2,   33,
 0,   3,   33,  0,   4,   12,  2,   48,  6,   0,   90,  0,   14,  32,
 0,   1,   17,  33,  0,   5,   48,  6,   0,   91,  0,   14,  32,  0,
 1,   17,  33,  0,   6,   48,  0,   9,   0,   52,  0,   26,  0,   52,
 0,   63,  0,   63,  11,  2,   27,  27,  16,  0,   30,  16,  33,  0,
 7,   48,  6,   0,   92,  0,   14,  32,  0,   1,   17,  33,  0,   8,
 48,  0,   30,  16,  33,  0,   9,   48,  6,   32,  0,   7,   32,  0,
 9,   0,   24,  0,   59,  17,  32,  0,   5,   0,   30,  16,  11,  3,
 0,   21,  16,  33,  0,   10,  48,  0,   31,  16,  33,  0,   11,  48,
 6,   32,  0,   10,  0,   33,  32,  0,   11,  17,  33,  0,   10,  49,
 6,   34,  0,   7,   0,   0,   0,   68,  17,  34,  0,   9,   0,   24,
 0,   64,  17,  0,   64,  0,   21,  32,  1,   3,   0,   14,  32,  0,
 1,   17,  17,  0,   30,  16,  0,   30,  0,   52,  32,  0,   5,   0,
 49,  0,   0,   26,  16,  0,   21,  0,   63,  17,  0,   53,  0,   33,
 0,   50,  0,   27,  0,   53,  0,   1,   27,  27,  27,  27,  16,  11,
 3,   0,   21,  16,  0,   33,  34,  0,   11,  17,  33,  0,   12,  48,
 6,   0,   19,  0,   34,  0,   59,  21,  0,   14,  0,   63,  21,  0,
 57,  1,   8,   27,  33,  0,   13,  48,  6,   0,   30,  0,   52,  32,
 0,   12,  0,   31,  32,  0,   10,  17,  0,   44,  0,   63,  26,  0,
 21,  0,   64,  21,  32,  0,   13,  0,   13,  0,   53,  0,   21,  27,
 21,  0,   23,  0,   13,  21,  16,  27,  0,   46,  0,   30,  26,  20,
 0,   23,  32,  0,   1,   0,   13,  16,  21,  33,  0,   14,  48,  6,
 34,  0,   10,  32,  0,   14,  16,  33,  0,   15,  48,  6,   34,  0,
 12,  34,  0,   14,  16,  33,  0,   16,  48,  6,   32,  0,   16,  0,
 10,  32,  0,   15,  17,  33,  0,   17,  48,  0,   49,  0,   13,  26,
 0,   64,  17,  33,  0,   18,  48,  6,   32,  0,   18,  0,   11,  34,
 0,   16,  17,  0,   9,   32,  0,   8,   0,   10,  32,  0,   6,   17,
 17,  0,   47,  0,   10,  26,  0,   57,  1,   9,   27,  16,  6,   0,
 93,  0,   14,  32,  0,   1,   17,  0,   9,   32,  0,   18,  17,  33,
 0,   19,  48,  6,   34,  0,   6,   0,   9,   32,  0,   15,  17,  0,
 27,  16,  0,   10,  32,  0,   19,  17,  0,   30,  16,  33,  0,   20,
 48,  6,   32,  0,   20,  34,  0,   19,  0,   53,  0,   33,  27,  0,
 2,   0,   88,  0,   1,   0,   93,  17,  21,  0,   1,   32,  0,   1,
 0,   53,  0,   33,  27,  21,  16,  33,  0,   21,  48,  6,   32,  0,
 8,   0,   9,   33,  0,   15,  50,  0,   26,  16,  0,   9,   32,  0,
 8,   17,  33,  0,   22,  48,  0,   12,  33,  0,   18,  50,  6,   34,
 0,   17,  0,   9,   34,  0,   8,   17,  0,   49,  0,   13,  26,  16,
 0,   11,  0,   64,  0,   53,  0,   21,  27,  0,   51,  0,   2,   0,
 52,  0,   49,  0,   0,   26,  27,  27,  0,   18,  21,  34,  0,   22,
 0,   27,  16,  0,   12,  34,  0,   15,  17,  33,  0,   23,  48,  17,
 0,   42,  0,   1,   26,  0,   64,  17,  0,   42,  0,   39,  26,  32,
 0,   1,   17,  33,  0,   24,  48,  6,   32,  0,   18,  0,   30,  16,
 33,  0,   25,  48,  6,   32,  0,   18,  0,   27,  0,   64,  17,  0,
 30,  16,  0,   23,  0,   52,  0,   13,  27,  32,  0,   25,  17,  33,
 0,   26,  48,  6,   32,  0,   25,  34,  0,   5,   0,   53,  0,   33,
 27,  0,   2,   0,   1,   21,  32,  0,   26,  17,  0,   1,   33,  0,
 26,  50,  6,   34,  0,   1,   0,   33,  32,  0,   25,  17,  32,  1,
 28,  16,  33,  0,   27,  48,  6,   32,  1,   18,  32,  1,   22,  32,
 0,   27,  17,  0,   26,  16,  0,   12,  32,  1,   17,  0,   34,  16,
 0,   14,  32,  0,   27,  17,  17,  33,  0,   28,  48,  6,   32,  1,
 25,  0,   14,  32,  0,   27,  17,  33,  0,   29,  48,  6,   32,  1,
 20,  0,   34,  0,   51,  0,   42,  0,   1,   26,  0,   22,  0,   18,
 21,  27,  32,  1,   17,  17,  32,  1,   22,  32,  0,   27,  17,  0,
 11,  34,  0,   28,  17,  0,   10,  32,  0,   29,  17,  33,  0,   30,
 48,  0,   11,  0,   52,  0,   27,  27,  16,  33,  0,   31,  48,  6,
 32,  1,   19,  0,   47,  0,   0,   26,  16,  0,   0,   0,   59,  17,
 0,   14,  32,  0,   27,  17,  33,  0,   32,  48,  6,   32,  1,   20,
 0,   34,  16,  0,   14,  32,  0,   27,  17,  33,  0,   33,  48,  6,
 32,  0,   32,  0,   12,  32,  0,   30,  17,  0,   18,  0,   30,  0,
 10,  21,  0,   26,  0,   30,  0,   19,  21,  0,   64,  21,  0,   11,
 0,   30,  21,  32,  0,   31,  17,  0,   47,  0,   10,  26,  0,   57,
 1,   10,  27,  16,  6,   32,  0,   27,  0,   30,  32,  0,   31,  17,
 0,   42,  0,   1,   26,  32,  1,   19,  0,   34,  16,  17,  0,   42,
 0,   3,   0,   50,  0,   5,   27,  26,  32,  1,   4,   17,  0,   2,
 32,  0,   29,  0,   30,  32,  0,   31,  17,  0,   8,   16,  17,  33,
 0,   34,  48,  6,   32,  1,   19,  0,   34,  16,  0,   0,   32,  1,
 4,   17,  0,   16,  32,  0,   27,  17,  0,   9,   32,  0,   30,  17,
 0,   2,   32,  1,   4,   17,  0,   1,   33,  0,   27,  50,  6,   32,
 0,   30,  0,   26,  16,  0,   12,  32,  0,   33,  17,  0,   47,  0,
 10,  26,  0,   57,  1,   11,  27,  16,  6,   32,  0,   33,  0,   10,
 0,   52,  0,   27,  27,  16,  0,   13,  33,  0,   31,  50,  6,   34,
 0,   33,  0,   30,  32,  0,   31,  17,  0,   19,  0,   0,   0,   8,
 0,   53,  0,   2,   27,  21,  0,   63,  0,   16,  32,  0,   34,  17,
 0,   2,   0,   68,  17,  17,  33,  0,   35,  48,  0,   11,  0,   63,
 17,  33,  0,   36,  48,  6,   32,  0,   36,  0,   8,   16,  0,   21,
 0,   63,  17,  0,   33,  32,  0,   31,  0,   49,  0,   0,   26,  16,
 17,  0,   9,   32,  0,   30,  17,  33,  0,   37,  48,  0,   12,  32,
 0,   30,  17,  33,  0,   38,  48,  6,   32,  0,   30,  0,   2,   32,
 0,   27,  17,  0,   21,  0,   52,  0,   63,  27,  0,   30,  32,  0,
 37,  0,   21,  0,   63,  17,  0,   26,  0,   53,  0,   10,  27,  16,
 0,   11,  32,  0,   32,  0,   21,  0,   63,  17,  17,  21,  0,   51,
 32,  1,   38,  27,  32,  0,   26,  17,  33,  0,   39,  48,  6,   34,
 0,   34,  0,   30,  32,  0,   36,  17,  0,   14,  0,   52,  0,   68,
 27,  0,   53,  0,   9,   27,  0,   0,   0,   19,  21,  32,  0,   38,
 0,   11,  0,   52,  0,   26,  27,  16,  0,   42,  0,   30,  26,  32,
 0,   32,  17,  17,  33,  0,   40,  48,  6,   32,  0,   37,  0,   12,
 32,  0,   31,  17,  0,   49,  0,   0,   26,  16,  0,   2,   32,  0,
 32,  0,   12,  32,  0,   38,  17,  17,  33,  0,   41,  48,  0,   11,
 0,   52,  0,   49,  0,   6,   26,  0,   27,  20,  27,  16,  33,  0,
 42,  48,  6,   32,  0,   29,  0,   30,  32,  0,   42,  17,  0,   11,
 32,  0,   35,  0,   30,  34,  0,   36,  17,  0,   14,  0,   64,  17,
 17,  33,  0,   43,  48,  6,   32,  0,   31,  33,  0,   44,  48,  0,
 9,   34,  0,   37,  17,  0,   10,  32,  0,   42,  17,  33,  0,   31,
 49,  6,   32,  0,   29,  0,   30,  32,  0,   31,  17,  0,   8,   16,
 0,   42,  0,   30,  26,  33,  0,   35,  50,  0,   30,  0,   52,  0,
 11,  0,   52,  0,   63,  27,  27,  16,  0,   14,  0,   64,  17,  33,
 0,   45,  48,  6,   32,  0,   43,  0,   21,  0,   63,  17,  0,   33,
 32,  0,   41,  17,  0,   11,  0,   52,  32,  0,   42,  27,  0,   10,
 0,   13,  0,   52,  32,  0,   29,  27,  21,  16,  0,   9,   32,  0,
 32,  0,   12,  34,  0,   38,  17,  17,  0,   47,  0,   10,  26,  0,
 57,  1,   12,  27,  16,  6,   34,  0,   42,  0,   11,  32,  0,   29,
 17,  0,   30,  16,  32,  0,   27,  0,   53,  0,   33,  27,  0,   12,
 32,  1,   19,  0,   34,  16,  21,  0,   11,  32,  0,   45,  21,  0,
 53,  0,   19,  0,   47,  0,   10,  26,  20,  0,   57,  1,   13,  27,
 27,  16,  6,   34,  0,   43,  0,   8,   16,  0,   2,   0,   52,  0,
 49,  0,   0,   26,  27,  16,  0,   21,  0,   63,  17,  0,   42,  0,
 1,   26,  0,   64,  17,  0,   33,  33,  0,   41,  50,  6,   32,  1,
 5,   0,   33,  32,  0,   27,  17,  0,   39,  34,  0,   41,  17,  0,
 39,  0,   68,  0,   21,  34,  0,   45,  17,  17,  0,   34,  0,   54,
 0,   21,  0,   52,  32,  0,   4,   27,  27,  16,  33,  0,   46,  48,
 6,   34,  0,   18,  0,   27,  16,  0,   49,  0,   0,   26,  16,  0,
 33,  34,  0,   23,  0,   30,  16,  0,   21,  34,  0,   20,  17,  17,
 0,   21,  34,  0,   29,  0,   12,  32,  0,   31,  17,  0,   30,  16,
 0,   33,  0,   52,  0,   32,  27,  34,  0,   35,  17,  17,  33,  0,
 47,  48,  6,   34,  0,   39,  34,  0,   21,  34,  0,   24,  11,  3,
 0,   21,  34,  0,   46,  17,  33,  0,   48,  48,  6,   32,  0,   48,
 0,   44,  0,   35,  26,  16,  33,  0,   49,  48,  0,   42,  0,   44,
 0,   30,  0,   52,  0,   49,  0,   6,   26,  0,   27,  0,   59,  21,
 0,   12,  0,   19,  21,  27,  26,  26,  33,  0,   48,  50,  6,   32,
 0,   48,  0,   34,  0,   52,  0,   64,  27,  0,   54,  34,  0,   3,
 27,  16,  33,  0,   48,  49,  6,   32,  1,   20,  32,  1,   22,  32,
 0,   27,  17,  0,   10,  32,  0,   30,  17,  0,   8,   16,  33,  0,
 50,  48,  6,   34,  0,   44,  0,   10,  32,  0,   50,  17,  0,   42,
 0,   30,  26,  33,  0,   26,  50,  6,   34,  0,   30,  0,   26,  0,
 53,  0,   12,  27,  16,  0,   10,  32,  0,   50,  17,  0,   42,  0,
 30,  26,  33,  0,   25,  50,  6,   32,  0,   27,  0,   33,  0,   52,
 34,  0,   47,  27,  0,   54,  32,  0,   48,  0,   44,  0,   13,  26,
 16,  33,  0,   51,  48,  0,   27,  32,  1,   31,  17,  0,   49,  0,
 0,   26,  16,  0,   0,   34,  0,   49,  17,  0,   21,  16,  0,   24,
 0,   52,  0,   13,  27,  34,  0,   4,   17,  27,  16,  0,   30,  34,
 0,   50,  0,   10,  32,  0,   31,  17,  17,  33,  0,   27,  49,  6,
 32,  1,   10,  0,   34,  0,   53,  0,   1,   27,  0,   2,   32,  1,
 22,  21,  32,  0,   27,  17,  0,   1,   33,  0,   27,  50,  6,   32,
 1,   23,  0,   14,  32,  0,   27,  17,  0,   42,  0,   21,  26,  0,
 13,  0,   21,  21,  0,   64,  17,  0,   30,  16,  0,   24,  0,   64,
 17,  0,   24,  0,   59,  17,  33,  0,   52,  48,  0,   44,  0,   64,
 26,  16,  0,   49,  0,   13,  26,  16,  33,  0,   53,  48,  6,   32,
 0,   27,  0,   33,  32,  0,   53,  0,   1,   32,  0,   52,  17,  17,
 0,   0,   0,   52,  32,  0,   53,  27,  0,   42,  0,   37,  26,  32,
 1,   13,  0,   34,  16,  0,   0,   0,   69,  0,   65,  11,  2,   17,
 21,  0,   10,  32,  1,   11,  0,   53,  32,  1,   22,  27,  21,  16,
 0,   26,  0,   53,  0,   10,  27,  16,  0,   12,  34,  0,   53,  17,
 0,   42,  0,   30,  26,  34,  0,   52,  17,  33,  0,   54,  48,  6,
 32,  1,   23,  0,   13,  32,  0,   27,  17,  0,   33,  0,   52,  34,
 0,   54,  27,  0,   54,  0,   44,  0,   64,  26,  27,  16,  0,   42,
 1,   14,  26,  33,  0,   27,  50,  6,   34,  0,   51,  0,   23,  0,
 68,  17,  0,   47,  0,   0,   26,  16,  0,   22,  32,  1,   31,  17,
 32,  1,   22,  32,  0,   27,  17,  0,   10,  32,  1,   25,  0,   14,
 32,  0,   27,  17,  17,  33,  0,   55,  48,  6,   0,   63,  0,   21,
 32,  1,   32,  17,  0,   33,  32,  0,   27,  0,   5,   32,  1,   31,
 17,  17,  0,   30,  0,   52,  34,  0,   55,  27,  0,   54,  34,  0,
 40,  27,  16,  33,  0,   56,  48,  6,   32,  0,   27,  0,   15,  0,
 52,  0,   0,   0,   52,  0,   69,  27,  27,  0,   0,   0,   65,  21,
 0,   2,   0,   65,  0,   53,  0,   22,  27,  32,  1,   22,  0,   19,
 21,  21,  32,  1,   16,  0,   34,  16,  17,  0,   0,   33,  0,   27,
 50,  6,   32,  0,   27,  0,   14,  0,   2,   0,   58,  21,  0,   0,
 0,   11,  21,  32,  1,   30,  17,  0,   1,   33,  0,   27,  50,  6,
 34,  0,   27,  34,  0,   56,  34,  0,   48,  32,  0,   26,  32,  0,
 25,  11,  5,   7,   1,   15,  33,  0,   3,   48,  6,   32,  1,   27,
 32,  1,   26,  0,   52,  0,   120, 27,  0,   121, 32,  1,   5,   0,
 53,  0,   33,  27,  0,   122, 11,  4,   26,  33,  0,   4,   48,  6,
 32,  1,   17,  0,   47,  0,   25,  0,   53,  0,   0,   27,  26,  16,
 0,   21,  0,   123, 0,   47,  0,   1,   26,  16,  0,   0,   32,  1,
 19,  0,   34,  16,  17,  17,  0,   44,  32,  0,   1,   0,   53,  0,
 14,  27,  26,  16,  33,  0,   5,   33,  0,   6,   33,  0,   7,   33,
 0,   8,   33,  0,   9,   12,  5,   48,  6,   32,  1,   19,  0,   34,
 16,  0,   11,  32,  0,   1,   17,  0,   10,  32,  0,   5,   17,  0,
 8,   16,  0,   10,  32,  1,   25,  0,   14,  32,  0,   1,   17,  17,
 32,  0,   2,   32,  0,   3,   32,  0,   1,   0,   53,  0,   30,  27,
 0,   50,  34,  0,   4,   27,  27,  16,  6,   32,  0,   1,   0,   14,
 0,   63,  17,  33,  0,   10,  48,  0,   10,  32,  0,   5,   17,  33,
 0,   11,  48,  0,   10,  32,  0,   6,   17,  33,  0,   12,  48,  6,
 32,  0,   11,  0,   10,  32,  0,   7,   17,  0,   8,   16,  33,  0,
 13,  48,  6,   32,  0,   11,  0,   27,  16,  0,   12,  32,  0,   7,
 17,  32,  0,   2,   32,  0,   3,   0,   124, 27,  16,  6,   32,  0,
 12,  0,   10,  32,  0,   7,   17,  0,   9,   32,  0,   12,  0,   26,
 0,   64,  17,  17,  32,  0,   2,   32,  0,   3,   0,   125, 27,  16,
 6,   32,  0,   1,   0,   30,  32,  0,   12,  17,  0,   11,  0,   52,
 0,   27,  27,  0,   10,  0,   14,  0,   52,  0,   63,  27,  21,  16,
 0,   8,   16,  32,  0,   2,   0,   30,  34,  0,   12,  21,  32,  0,
 3,   0,   126, 27,  16,  6,   32,  0,   5,   0,   27,  16,  0,   12,
 32,  0,   7,   17,  0,   10,  32,  0,   10,  17,  0,   26,  0,   10,
 34,  0,   5,   0,   26,  16,  0,   9,   32,  0,   8,   17,  21,  0,
 9,   0,   27,  21,  0,   64,  17,  0,   12,  32,  0,   9,   0,   10,
 34,  0,   8,   17,  17,  34,  0,   2,   34,  0,   3,   0,   127, 27,
 16,  6,   32,  0,   13,  0,   9,   0,   52,  0,   8,   32,  1,   35,
 0,   51,  0,   12,  27,  32,  1,   18,  0,   34,  16,  0,   13,  32,
 0,   1,   17,  0,   11,  32,  0,   6,   17,  21,  0,   15,  0,   26,
 21,  27,  16,  33,  0,   14,  48,  0,   9,   0,   52,  0,   49,  0,
 0,   26,  32,  1,   33,  0,   1,   0,   19,  21,  0,   8,   21,  0,
 16,  0,   73,  21,  27,  16,  33,  0,   15,  48,  6,   32,  1,   17,
 0,   34,  16,  0,   0,   0,   64,  17,  0,   1,   34,  0,   1,   17,
 0,   2,   32,  0,   15,  17,  0,   30,  32,  0,   6,   0,   8,   16,
 17,  0,   42,  0,   33,  26,  0,   58,  0,   25,  16,  0,   21,  0,
 74,  0,   64,  11,  2,   17,  0,   21,  0,   59,  17,  17,  33,  0,
 16,  48,  6,   32,  0,   16,  0,   49,  0,   0,   0,   52,  0,   58,
 0,   53,  0,   2,   27,  27,  0,   2,   0,   15,  0,   52,  0,   63,
 27,  21,  26,  0,   63,  17,  0,   30,  34,  0,   16,  0,   15,  0,
 63,  17,  0,   26,  0,   53,  0,   12,  27,  16,  17,  33,  0,   17,
 48,  6,   34,  0,   7,   0,   27,  16,  0,   30,  34,  0,   13,  0,
 27,  0,   53,  0,   12,  27,  16,  33,  0,   18,  48,  17,  0,   42,
 0,   33,  26,  0,   64,  0,   59,  11,  2,   17,  0,   2,   33,  0,
 17,  50,  6,   34,  0,   10,  0,   30,  34,  0,   11,  17,  33,  0,
 19,  48,  6,   34,  0,   14,  0,   26,  0,   53,  0,   12,  27,  0,
 30,  20,  0,   51,  0,   1,   0,   52,  34,  0,   6,   0,   26,  16,
 32,  1,   35,  16,  0,   53,  0,   33,  27,  27,  0,   19,  0,   2,
 0,   11,  21,  0,   1,   0,   52,  0,   27,  27,  21,  0,   1,   0,
 1,   21,  27,  34,  0,   15,  17,  0,   30,  32,  0,   19,  17,  33,
 0,   20,  48,  6,   32,  0,   19,  0,   8,   16,  0,   2,   32,  0,
 17,  17,  0,   26,  16,  0,   30,  32,  0,   19,  17,  0,   42,  0,
 1,   26,  34,  0,   20,  17,  33,  0,   21,  48,  0,   7,   16,  0,
 4,   0,   58,  17,  33,  0,   22,  48,  6,   0,   64,  0,   75,  11,
 2,   0,   33,  34,  0,   9,   0,   30,  34,  0,   18,  17,  17,  0,
 2,   34,  0,   17,  17,  0,   30,  34,  0,   19,  17,  0,   30,  0,
 52,  32,  0,   21,  0,   11,  0,   63,  17,  27,  0,   54,  0,   2,
 27,  32,  0,   22,  17,  0,   30,  0,   52,  34,  0,   21,  0,   12,
 0,   63,  17,  27,  0,   54,  0,   42,  0,   3,   26,  27,  34,  0,
 22,  17,  7,   34,  0,   2,   33,  0,   3,   33,  0,   4,   33,  0,
 5,   33,  0,   6,   33,  0,   7,   12,  5,   48,  6,   34,  0,   4,
 0,   13,  16,  33,  0,   8,   48,  6,   1,   16,  33,  0,   9,   48,
 6,   1,   17,  33,  0,   10,  48,  6,   32,  0,   1,   0,   13,  16,
 0,   11,  0,   63,  17,  0,   40,  0,   132, 17,  6,   32,  1,   13,
 32,  1,   22,  32,  0,   1,   17,  0,   2,   32,  0,   3,   0,   2,
 0,   68,  17,  0,   1,   0,   59,  17,  17,  33,  0,   11,  48,  0,
 49,  0,   0,   26,  16,  33,  0,   12,  48,  0,   31,  16,  33,  0,
 13,  48,  6,   0,   59,  0,   14,  32,  0,   3,   17,  0,   33,  32,
 0,   13,  17,  33,  0,   14,  48,  6,   32,  0,   1,   0,   33,  32,
 0,   13,  17,  33,  0,   15,  48,  0,   30,  0,   52,  0,   63,  0,
 53,  0,   11,  27,  27,  0,   42,  0,   1,   26,  0,   64,  21,  0,
 17,  0,   57,  34,  0,   9,   27,  0,   30,  0,   52,  0,   63,  0,
 53,  0,   12,  27,  27,  21,  32,  0,   11,  0,   33,  32,  0,   13,
 17,  17,  6,   34,  0,   12,  0,   34,  32,  0,   13,  0,   34,  16,
 17,  0,   15,  0,   63,  17,  0,   40,  0,   133, 17,  6,   32,  0,
 15,  0,   30,  32,  0,   14,  17,  33,  0,   16,  48,  0,   14,  0,
 52,  32,  1,   23,  27,  0,   10,  0,   14,  0,   52,  32,  1,   11,
 0,   34,  16,  0,   0,   0,   68,  17,  27,  21,  0,   9,   0,   52,
 0,   27,  27,  0,   14,  0,   52,  32,  1,   13,  0,   34,  16,  27,
 21,  16,  32,  0,   13,  0,   30,  32,  0,   14,  21,  32,  0,   10,
 0,   134, 27,  16,  6,   32,  0,   16,  0,   30,  0,   52,  0,   13,
 0,   52,  32,  1,   23,  27,  27,  16,  0,   14,  0,   52,  32,  1,
 11,  0,   34,  16,  0,   0,   0,   68,  17,  27,  0,   9,   0,   52,
 0,   27,  27,  0,   14,  0,   52,  32,  1,   13,  0,   34,  16,  0,
 0,   0,   67,  17,  27,  21,  16,  32,  0,   13,  0,   30,  32,  0,
 14,  21,  0,   30,  34,  0,   16,  0,   13,  32,  1,   23,  21,  21,
 32,  0,   10,  0,   135, 27,  16,  6,   34,  0,   14,  0,   21,  0,
 64,  17,  0,   9,   0,   52,  0,   26,  0,   52,  0,   64,  27,  27,
 16,  1,   18,  16,  6,   0,   67,  0,   14,  32,  0,   3,   17,  33,
 0,   17,  48,  0,   10,  0,   52,  0,   26,  27,  16,  33,  0,   18,
 48,  6,   32,  0,   11,  0,   0,   32,  0,   3,   17,  0,   15,  0,
 63,  17,  0,   11,  32,  0,   17,  17,  0,   26,  16,  33,  0,   19,
 48,  0,   12,  32,  1,   12,  0,   34,  16,  0,   14,  32,  0,   1,
 17,  17,  0,   1,   33,  0,   3,   50,  6,   32,  0,   3,   0,   15,
 0,   63,  17,  0,   11,  32,  0,   17,  17,  0,   27,  16,  0,   9,
 32,  1,   12,  0,   34,  16,  0,   0,   0,   68,  17,  0,   14,  32,
 0,   1,   17,  0,   10,  34,  0,   19,  17,  17,  0,   12,  32,  0,
 3,   0,   71,  0,   53,  0,   15,  27,  0,   9,   0,   11,  0,   52,
 0,   76,  27,  21,  16,  17,  0,   13,  0,   50,  0,   25,  27,  32,
 0,   10,  0,   137, 27,  16,  6,   32,  1,   30,  32,  0,   8,   11,
 2,   32,  1,   22,  32,  0,   1,   17,  0,   26,  16,  0,   12,  32,
 0,   17,  17,  0,   13,  0,   50,  0,   25,  27,  32,  0,   10,  0,
 138, 27,  16,  6,   0,   71,  0,   14,  32,  0,   3,   17,  0,   10,
 0,   52,  0,   26,  27,  16,  33,  0,   20,  48,  0,   33,  0,   52,
 32,  0,   13,  0,   33,  0,   52,  32,  0,   18,  0,   53,  0,   33,
 27,  0,   31,  20,  27,  16,  27,  0,   54,  0,   27,  27,  16,  33,
 0,   21,  48,  6,   32,  0,   21,  0,   10,  32,  0,   20,  17,  0,
 8,   16,  33,  0,   22,  48,  6,   32,  1,   13,  0,   34,  16,  0,
 0,   0,   64,  17,  0,   14,  32,  0,   1,   17,  33,  0,   23,  48,
 6,   32,  1,   15,  0,   34,  16,  0,   14,  32,  0,   1,   17,  0,
 2,   0,   68,  17,  0,   0,   32,  1,   24,  0,   34,  16,  0,   0,
 0,   68,  17,  0,   14,  32,  0,   1,   17,  17,  0,   33,  32,  0,
 23,  0,   8,   16,  32,  1,   34,  16,  17,  33,  0,   24,  48,  6,
 0,   63,  33,  0,   25,  48,  6,   32,  0,   24,  0,   13,  16,  0,
 25,  16,  33,  0,   26,  48,  6,   1,   19,  33,  0,   27,  48,  6,
 32,  0,   22,  0,   8,   16,  0,   2,   32,  0,   24,  17,  32,  0,
 27,  0,   139, 26,  16,  6,   32,  0,   18,  0,   10,  32,  0,   20,
 17,  33,  0,   28,  48,  0,   33,  32,  0,   13,  17,  0,   31,  16,
 0,   42,  0,   33,  26,  33,  0,   13,  50,  6,   32,  0,   3,   0,
 13,  16,  0,   25,  16,  0,   33,  0,   52,  32,  0,   13,  27,  0,
 54,  0,   27,  0,   52,  0,   13,  27,  27,  16,  33,  0,   29,  48,
 6,   0,   59,  0,   14,  32,  0,   3,   17,  0,   10,  34,  0,   28,
 17,  0,   33,  32,  0,   13,  17,  0,   21,  0,   64,  17,  0,   0,
 0,   52,  0,   49,  0,   0,   26,  27,  16,  0,   31,  16,  0,   42,
 0,   33,  26,  0,   8,   0,   31,  0,   53,  0,   42,  0,   33,  26,
 27,  21,  0,   33,  0,   52,  0,   31,  27,  0,   18,  21,  32,  0,
 13,  0,   21,  0,   59,  17,  17,  0,   24,  0,   59,  17,  0,   49,
 0,   0,   26,  16,  0,   31,  16,  33,  0,   30,  48,  6,   32,  1,
 13,  0,   34,  16,  0,   0,   0,   68,  17,  0,   68,  11,  2,   32,
 1,   22,  32,  0,   1,   17,  0,   2,   32,  0,   11,  17,  0,   33,
 32,  0,   30,  17,  33,  0,   31,  48,  0,   49,  0,   0,   26,  16,
 33,  0,   32,  48,  0,   31,  16,  33,  0,   33,  48,  6,   32,  0,
 33,  0,   42,  0,   33,  26,  33,  0,   30,  50,  6,   32,  0,   33,
 0,   42,  0,   33,  26,  33,  0,   32,  50,  6,   32,  0,   33,  0,
 42,  0,   33,  26,  33,  0,   31,  50,  6,   32,  0,   30,  0,   42,
 0,   33,  26,  33,  0,   1,   50,  6,   32,  0,   30,  0,   42,  0,
 33,  26,  33,  0,   17,  50,  6,   32,  0,   30,  0,   42,  0,   33,
 26,  33,  0,   5,   50,  6,   32,  0,   30,  0,   42,  0,   33,  26,
 33,  0,   6,   50,  6,   32,  0,   11,  0,   33,  32,  0,   30,  17,
 0,   42,  0,   1,   26,  32,  0,   31,  17,  33,  0,   11,  49,  0,
 49,  0,   0,   26,  16,  0,   31,  16,  33,  0,   13,  49,  6,   32,
 0,   17,  0,   10,  0,   52,  0,   26,  27,  16,  0,   33,  32,  0,
 13,  17,  0,   31,  16,  0,   42,  0,   33,  26,  33,  0,   13,  50,
 6,   32,  0,   30,  0,   33,  32,  0,   13,  17,  33,  0,   34,  48,
 6,   32,  0,   20,  0,   1,   32,  0,   21,  17,  0,   33,  32,  0,
 34,  17,  0,   12,  0,   30,  0,   51,  0,   1,   27,  0,   11,  21,
 0,   63,  17,  0,   42,  0,   3,   26,  0,   68,  17,  0,   0,   0,
 64,  17,  33,  0,   35,  48,  6,   32,  1,   13,  0,   34,  16,  0,
 0,   0,   65,  17,  0,   14,  32,  0,   1,   17,  0,   33,  32,  0,
 13,  17,  0,   30,  16,  33,  0,   36,  48,  6,   0,   63,  0,   12,
 32,  0,   31,  17,  33,  0,   37,  48,  6,   0,   63,  0,   11,  34,
 0,   31,  17,  0,   30,  16,  33,  0,   38,  48,  6,   34,  0,   11,
 0,   33,  32,  0,   13,  17,  0,   12,  32,  0,   13,  0,   53,  0,
 30,  27,  0,   11,  20,  0,   51,  0,   22,  27,  0,   11,  21,  0,
 63,  17,  0,   44,  0,   21,  26,  32,  0,   37,  0,   30,  16,  32,
 0,   38,  11,  2,   17,  33,  0,   39,  48,  6,   32,  0,   20,  0,
 33,  32,  0,   34,  17,  0,   31,  16,  33,  0,   40,  48,  0,   42,
 0,   33,  26,  33,  0,   13,  50,  6,   32,  0,   30,  0,   33,  32,
 0,   13,  17,  33,  0,   34,  49,  6,   32,  0,   13,  0,   31,  16,
 33,  0,   41,  48,  6,   32,  1,   11,  0,   34,  16,  0,   14,  32,
 0,   1,   17,  33,  0,   42,  48,  6,   32,  1,   11,  0,   34,  16,
 0,   0,   0,   64,  17,  0,   14,  32,  0,   1,   17,  33,  0,   43,
 48,  6,   32,  1,   11,  0,   34,  16,  0,   0,   0,   68,  17,  0,
 14,  32,  0,   1,   17,  33,  0,   44,  48,  6,   32,  0,   44,  0,
 10,  32,  0,   43,  17,  0,   10,  32,  0,   42,  17,  0,   11,  32,
 0,   37,  0,   49,  0,   10,  26,  16,  17,  0,   13,  0,   50,  0,
 25,  27,  32,  0,   10,  0,   140, 27,  16,  6,   32,  0,   43,  0,
 10,  32,  0,   37,  17,  33,  0,   45,  48,  0,   49,  0,   0,   26,
 16,  33,  0,   46,  48,  6,   0,   19,  32,  1,   36,  0,   50,  0,
 8,   27,  32,  0,   45,  21,  33,  0,   47,  48,  6,   32,  0,   42,
 32,  0,   47,  16,  33,  0,   48,  48,  0,   10,  34,  0,   44,  32,
 0,   47,  16,  17,  33,  0,   49,  48,  6,   32,  0,   43,  0,   30,
 32,  0,   45,  17,  33,  0,   50,  48,  0,   8,   16,  0,   21,  0,
 64,  17,  33,  0,   51,  48,  6,   32,  0,   50,  0,   26,  0,   53,
 0,   10,  27,  16,  0,   21,  0,   63,  17,  33,  0,   52,  48,  6,
 32,  0,   49,  0,   24,  0,   9,   32,  0,   50,  21,  0,   11,  0,
 24,  0,   52,  0,   1,   27,  21,  0,   64,  17,  32,  0,   45,  0,
 30,  20,  32,  0,   10,  0,   141, 27,  16,  6,   32,  0,   49,  0,
 24,  0,   59,  17,  0,   12,  32,  0,   50,  17,  0,   9,   0,   52,
 0,   27,  27,  16,  32,  0,   45,  0,   30,  20,  32,  0,   10,  0,
 142, 27,  16,  6,   34,  0,   43,  0,   30,  16,  0,   21,  32,  0,
 38,  17,  0,   33,  34,  0,   50,  0,   26,  16,  0,   31,  16,  0,
 31,  16,  17,  33,  0,   53,  48,  6,   32,  0,   42,  0,   10,  32,
 0,   45,  17,  0,   33,  0,   52,  32,  0,   13,  0,   28,  16,  27,
 0,   54,  32,  1,   34,  0,   53,  0,   42,  0,   33,  26,  27,  27,
 34,  0,   42,  17,  33,  0,   54,  48,  0,   30,  16,  33,  0,   55,
 48,  6,   32,  0,   1,   0,   33,  32,  0,   55,  17,  0,   35,  0,
 1,   0,   18,  0,   50,  0,   13,  27,  21,  32,  1,   29,  17,  33,
 0,   56,  48,  0,   14,  0,   63,  17,  33,  0,   57,  48,  6,   32,
 0,   56,  0,   14,  0,   52,  0,   68,  27,  0,   9,   32,  0,   57,
 0,   27,  0,   64,  17,  21,  0,   10,  0,   16,  0,   52,  0,   27,
 27,  21,  16,  0,   11,  32,  0,   57,  17,  32,  0,   55,  32,  0,
 10,  0,   143, 27,  16,  6,   32,  0,   56,  0,   27,  16,  0,   30,
 34,  0,   57,  17,  33,  0,   58,  48,  6,   34,  0,   56,  0,   14,
 0,   63,  17,  0,   42,  0,   30,  26,  33,  0,   55,  50,  6,   32,
 0,   55,  0,   42,  0,   33,  26,  32,  0,   30,  17,  32,  0,   3,
 0,   53,  0,   33,  27,  0,   2,   32,  0,   22,  0,   53,  0,   33,
 27,  21,  16,  33,  0,   59,  48,  6,   32,  0,   59,  0,   14,  0,
 59,  17,  33,  0,   60,  48,  0,   26,  0,   0,   0,   27,  0,   52,
 0,   64,  27,  21,  16,  33,  0,   61,  48,  0,   14,  0,   68,  17,
 33,  0,   62,  48,  6,   32,  0,   54,  0,   33,  32,  0,   55,  0,
 30,  32,  0,   60,  17,  0,   0,   0,   64,  17,  17,  32,  0,   55,
 0,   30,  32,  0,   60,  21,  32,  0,   10,  0,   144, 27,  16,  6,
 32,  0,   59,  0,   15,  0,   68,  17,  33,  0,   63,  48,  0,   11,
 32,  0,   62,  17,  0,   19,  0,   9,   0,   69,  0,   14,  32,  0,
 59,  17,  21,  0,   26,  20,  0,   10,  0,   27,  21,  16,  33,  0,
 64,  48,  6,   34,  0,   63,  0,   10,  32,  0,   60,  17,  0,   9,
 32,  0,   64,  17,  32,  0,   55,  32,  0,   10,  0,   145, 27,  16,
 6,   34,  0,   61,  0,   14,  0,   64,  17,  0,   9,   32,  0,   59,
 0,   14,  0,   63,  17,  17,  0,   11,  32,  0,   64,  17,  33,  0,
 65,  48,  0,   10,  32,  0,   64,  17,  0,   8,   16,  33,  0,   66,
 48,  6,   32,  0,   60,  0,   30,  32,  0,   66,  17,  0,   14,  0,
 52,  0,   27,  0,   52,  0,   64,  27,  27,  16,  32,  0,   55,  0,
 30,  32,  0,   66,  21,  32,  0,   10,  0,   146, 27,  16,  6,   32,
 0,   21,  0,   33,  32,  0,   30,  17,  0,   8,   16,  0,   2,   32,
 0,   1,   17,  0,   33,  32,  0,   55,  17,  33,  0,   67,  48,  0,
 31,  32,  0,   8,   0,   21,  32,  1,   24,  17,  0,   49,  0,   0,
 26,  16,  17,  0,   42,  0,   1,   26,  0,   64,  17,  0,   7,   0,
 69,  17,  33,  0,   68,  48,  6,   32,  0,   68,  0,   13,  0,   64,
 17,  0,   9,   32,  0,   59,  0,   14,  0,   63,  17,  17,  0,   9,
 32,  0,   62,  17,  33,  0,   69,  48,  0,   12,  32,  0,   66,  17,
 33,  0,   70,  48,  6,   32,  0,   69,  0,   0,   33,  0,   59,  50,
 6,   32,  0,   69,  0,   12,  33,  0,   62,  50,  6,   32,  0,   59,
 0,   5,   0,   68,  17,  0,   42,  0,   1,   26,  0,   64,  17,  0,
 2,   0,   69,  17,  0,   2,   32,  0,   70,  17,  0,   0,   32,  0,
 59,  0,   14,  0,   69,  17,  0,   26,  16,  0,   0,   0,   67,  17,
 0,   2,   34,  0,   64,  17,  17,  0,   0,   32,  0,   60,  0,   26,
 16,  0,   0,   0,   64,  17,  0,   2,   32,  0,   65,  17,  0,   0,
 34,  0,   69,  17,  17,  33,  0,   71,  48,  6,   32,  1,   24,  0,
 34,  16,  0,   0,   32,  0,   71,  17,  0,   13,  34,  0,   67,  17,
 0,   9,   32,  0,   68,  0,   14,  0,   63,  17,  17,  32,  0,   55,
 32,  0,   10,  0,   147, 27,  16,  6,   32,  0,   59,  0,   14,  0,
 63,  17,  0,   9,   32,  0,   62,  17,  0,   10,  32,  0,   60,  17,
 0,   8,   16,  0,   2,   33,  0,   68,  50,  6,   32,  0,   60,  0,
 12,  33,  0,   66,  50,  6,   32,  0,   66,  0,   42,  0,   30,  26,
 33,  0,   59,  50,  6,   32,  0,   65,  0,   30,  32,  0,   60,  0,
 27,  0,   64,  17,  17,  33,  0,   72,  48,  6,   32,  0,   58,  0,
 2,   16,  0,   11,  32,  0,   66,  17,  32,  0,   55,  32,  0,   10,
 0,   143, 27,  16,  6,   0,   63,  0,   21,  32,  0,   72,  17,  0,
 33,  0,   52,  0,   49,  0,   0,   26,  27,  32,  0,   60,  17,  0,
 12,  32,  0,   65,  17,  32,  0,   55,  32,  0,   10,  0,   148, 27,
 16,  6,   0,   68,  0,   13,  32,  0,   68,  17,  0,   12,  34,  0,
 70,  17,  32,  0,   55,  32,  0,   10,  0,   149, 27,  16,  6,   32,
 0,   66,  0,   42,  0,   30,  26,  33,  0,   58,  50,  6,   32,  0,
 68,  0,   13,  0,   63,  17,  33,  0,   73,  48,  0,   0,   0,   64,
 17,  0,   2,   34,  0,   65,  17,  0,   6,   32,  0,   62,  17,  0,
 27,  16,  0,   30,  32,  0,   60,  17,  0,   6,   32,  0,   58,  0,
 14,  0,   68,  17,  0,   2,   0,   68,  17,  17,  33,  0,   74,  48,
 6,   32,  0,   51,  0,   26,  0,   11,  0,   19,  21,  0,   64,  17,
 0,   11,  32,  0,   49,  0,   27,  16,  17,  0,   26,  0,   53,  0,
 1,   27,  16,  0,   0,   0,   64,  17,  0,   30,  0,   52,  32,  0,
 48,  27,  0,   54,  34,  0,   74,  27,  16,  33,  0,   75,  48,  6,
 34,  0,   66,  0,   42,  0,   30,  26,  33,  0,   62,  50,  6,   32,
 0,   59,  0,   14,  0,   64,  17,  0,   10,  33,  0,   72,  50,  6,
 32,  0,   54,  0,   33,  0,   52,  32,  0,   55,  27,  0,   54,  32,
 0,   73,  0,   8,   16,  27,  16,  33,  0,   76,  48,  6,   34,  0,
 55,  0,   30,  32,  0,   73,  17,  0,   42,  0,   33,  26,  32,  0,
 41,  17,  33,  0,   77,  48,  6,   34,  0,   68,  0,   30,  32,  0,
 73,  17,  0,   14,  0,   68,  17,  33,  0,   78,  48,  6,   32,  0,
 1,   0,   31,  32,  1,   24,  0,   34,  16,  0,   0,   0,   63,  0,
 69,  0,   65,  0,   72,  11,  4,   17,  17,  0,   0,   32,  1,   24,
 0,   34,  16,  0,   0,   0,   69,  17,  0,   14,  32,  0,   1,   17,
 0,   9,   0,   69,  0,   14,  32,  0,   3,   17,  0,   33,  32,  0,
 30,  17,  17,  17,  33,  0,   79,  48,  6,   34,  0,   79,  0,   53,
 0,   14,  27,  32,  1,   36,  0,   50,  0,   8,   27,  34,  0,   37,
 21,  0,   33,  32,  0,   51,  0,   49,  0,   0,   26,  0,   59,  17,
 21,  33,  0,   80,  48,  6,   32,  1,   24,  32,  1,   22,  32,  0,
 1,   17,  0,   11,  32,  0,   54,  17,  0,   30,  16,  33,  0,   81,
 48,  6,   0,   64,  32,  0,   80,  16,  33,  0,   82,  48,  6,   0,
 69,  34,  0,   80,  0,   51,  0,   19,  0,   2,   0,   68,  21,  0,
 6,   0,   18,  21,  27,  0,   68,  17,  33,  0,   83,  48,  0,   0,
 0,   52,  0,   11,  0,   52,  0,   63,  27,  0,   10,  32,  0,   82,
 21,  27,  16,  33,  0,   84,  48,  6,   32,  0,   82,  0,   30,  32,
 0,   48,  17,  0,   11,  32,  0,   72,  17,  0,   11,  34,  0,   62,
 17,  0,   10,  32,  0,   84,  0,   30,  32,  0,   48,  17,  0,   11,
 32,  0,   59,  17,  17,  32,  0,   45,  0,   50,  0,   30,  27,  0,
 21,  0,   63,  21,  0,   30,  32,  0,   48,  21,  32,  0,   10,  0,
 150, 27,  16,  6,   32,  0,   84,  0,   30,  0,   52,  32,  0,   48,
 27,  0,   54,  34,  0,   59,  27,  16,  33,  0,   84,  49,  0,   42,
 0,   1,   26,  0,   64,  17,  0,   6,   33,  0,   83,  50,  6,   32,
 0,   82,  0,   30,  0,   52,  32,  0,   48,  27,  0,   54,  0,   6,
 0,   52,  34,  0,   72,  27,  27,  16,  33,  0,   82,  49,  6,   32,
 0,   84,  0,   34,  16,  0,   11,  0,   63,  17,  32,  0,   1,   0,
 50,  1,   20,  27,  0,   30,  20,  32,  0,   10,  0,   151, 27,  16,
 6,   32,  0,   82,  0,   12,  32,  0,   52,  17,  0,   11,  32,  0,
 48,  0,   12,  34,  0,   49,  17,  0,   10,  0,   52,  0,   27,  27,
 16,  17,  0,   24,  0,   64,  17,  32,  0,   45,  0,   30,  20,  32,
 0,   10,  0,   152, 27,  16,  6,   32,  0,   83,  0,   13,  0,   52,
 0,   27,  27,  16,  0,   11,  32,  0,   51,  17,  0,   24,  0,   64,
 17,  32,  0,   45,  0,   30,  20,  32,  0,   10,  0,   153, 27,  16,
 6,   32,  0,   82,  0,   2,   0,   69,  17,  0,   0,   0,   63,  0,
 68,  0,   69,  11,  3,   0,   33,  32,  0,   83,  17,  17,  33,  0,
 85,  48,  6,   32,  0,   82,  0,   30,  32,  0,   48,  17,  0,   8,
 16,  0,   2,   0,   69,  17,  0,   33,  34,  0,   60,  0,   49,  0,
 0,   26,  16,  0,   27,  16,  17,  0,   1,   33,  0,   71,  50,  6,
 32,  0,   3,   0,   33,  0,   52,  32,  0,   30,  0,   33,  32,  0,
 38,  17,  27,  0,   54,  34,  0,   84,  0,   30,  32,  0,   51,  17,
 0,   24,  0,   64,  17,  27,  16,  0,   2,   32,  0,   22,  17,  0,
 42,  0,   1,   26,  32,  0,   20,  17,  33,  0,   3,   49,  6,   34,
 0,   22,  0,   9,   34,  0,   23,  17,  33,  0,   86,  48,  6,   0,
 63,  0,   11,  32,  0,   3,   17,  0,   42,  0,   21,  26,  0,   64,
 17,  0,   33,  32,  0,   29,  17,  33,  0,   87,  48,  0,   27,  16,
 0,   9,   32,  0,   86,  17,  33,  0,   88,  48,  6,   32,  0,   3,
 0,   33,  32,  0,   88,  0,   8,   16,  32,  1,   34,  16,  17,  0,
 2,   32,  0,   88,  17,  0,   0,   32,  0,   3,   17,  0,   19,  0,
 15,  0,   68,  21,  0,   11,  32,  0,   87,  21,  0,   1,   0,   19,
 21,  0,   6,   0,   19,  0,   14,  0,   69,  21,  0,   2,   34,  0,
 87,  0,   0,   0,   64,  17,  21,  0,   42,  0,   21,  26,  0,   63,
 21,  0,   33,  34,  0,   29,  21,  21,  16,  33,  0,   89,  48,  6,
 32,  0,   89,  0,   33,  0,   0,   0,   6,   0,   64,  21,  0,   5,
 0,   19,  21,  34,  0,   88,  0,   8,   16,  0,   49,  0,   0,   26,
 16,  0,   53,  0,   19,  0,   1,   0,   33,  21,  27,  21,  0,   63,
 0,   14,  32,  0,   89,  17,  0,   9,   32,  0,   86,  17,  0,   8,
 16,  32,  1,   34,  16,  17,  0,   6,   33,  0,   89,  50,  6,   32,
 0,   89,  0,   27,  16,  0,   2,   34,  0,   86,  17,  0,   0,   33,
 0,   3,   50,  6,   32,  0,   24,  0,   14,  0,   64,  17,  0,   9,
 32,  0,   89,  0,   13,  0,   63,  17,  17,  0,   10,  33,  0,   25,
 50,  0,   8,   16,  0,   2,   33,  0,   24,  50,  6,   32,  0,   24,
 0,   1,   32,  0,   24,  0,   14,  0,   63,  17,  0,   2,   32,  0,
 89,  17,  17,  33,  0,   89,  49,  6,   0,   59,  0,   14,  32,  0,
 3,   17,  0,   27,  0,   64,  17,  0,   9,   0,   76,  0,   14,  32,
 0,   3,   17,  17,  0,   1,   33,  0,   3,   50,  6,   0,   63,  0,
 14,  32,  0,   3,   17,  0,   27,  16,  0,   12,  0,   67,  0,   14,
 32,  0,   3,   17,  17,  32,  0,   30,  0,   50,  0,   31,  27,  32,
 0,   10,  0,   154, 27,  16,  6,   34,  0,   18,  0,   19,  0,   1,
 0,   8,   0,   53,  0,   2,   27,  21,  33,  0,   3,   50,  6,   32,
 1,   30,  0,   1,   32,  0,   1,   17,  33,  0,   90,  48,  6,   34,
 0,   39,  0,   47,  1,   21,  26,  16,  6,   32,  0,   13,  0,   42,
 0,   33,  26,  33,  0,   1,   50,  6,   34,  0,   54,  0,   33,  32,
 0,   13,  17,  33,  0,   91,  48,  6,   32,  0,   34,  0,   42,  0,
 33,  26,  33,  0,   3,   50,  6,   32,  0,   34,  0,   42,  0,   33,
 26,  33,  0,   89,  50,  6,   34,  0,   20,  0,   12,  34,  0,   21,
 17,  0,   33,  32,  0,   34,  17,  0,   30,  16,  0,   21,  34,  0,
 40,  0,   31,  16,  0,   33,  32,  0,   36,  17,  17,  33,  0,   36,
 49,  6,   32,  0,   3,   0,   70,  0,   53,  0,   15,  27,  0,   9,
 0,   11,  0,   52,  0,   77,  27,  21,  16,  33,  0,   92,  48,  6,
 0,   63,  0,   11,  32,  0,   3,   17,  0,   11,  32,  0,   92,  17,
 33,  0,   93,  48,  6,   32,  0,   93,  0,   27,  16,  32,  1,   34,
 16,  0,   42,  0,   33,  26,  32,  0,   89,  17,  33,  0,   94,  48,
 0,   15,  0,   64,  17,  33,  0,   95,  48,  6,   32,  0,   89,  0,
 1,   16,  0,   6,   0,   63,  17,  33,  0,   96,  48,  6,   32,  0,
 94,  0,   1,   16,  0,   6,   0,   63,  17,  33,  0,   97,  48,  6,
 32,  0,   13,  33,  0,   26,  49,  6,   34,  0,   34,  0,   42,  0,
 33,  26,  33,  0,   25,  50,  6,   32,  0,   92,  0,   2,   32,  0,
 97,  17,  32,  0,   27,  0,   155, 26,  16,  6,   0,   68,  0,   16,
 32,  0,   3,   17,  0,   9,   0,   68,  0,   11,  32,  0,   94,  17,
 17,  33,  0,   98,  48,  0,   11,  32,  0,   91,  17,  0,   30,  16,
 0,   28,  16,  33,  0,   99,  48,  6,   0,   69,  0,   14,  32,  0,
 3,   17,  33,  0,   100, 48,  0,   9,   32,  0,   98,  17,  0,   26,
 16,  0,   10,  32,  0,   98,  17,  33,  0,   101, 48,  6,   0,   68,
 0,   25,  16,  0,   37,  32,  0,   3,   17,  0,   10,  32,  0,   101,
 17,  0,   16,  32,  0,   100, 17,  0,   2,   0,   68,  17,  0,   6,
 32,  0,   96,  17,  0,   27,  0,   2,   34,  0,   100, 21,  0,   6,
 0,   26,  21,  0,   68,  17,  0,   2,   32,  0,   98,  17,  32,  0,
 27,  0,   156, 26,  16,  6,   32,  1,   23,  0,   14,  32,  0,   1,
 17,  33,  0,   102, 48,  6,   32,  1,   13,  0,   34,  16,  0,   0,
 0,   68,  17,  32,  1,   11,  0,   34,  16,  0,   0,   0,   64,  17,
 11,  2,   0,   37,  32,  0,   1,   17,  33,  0,   103, 48,  6,   32,
 1,   13,  0,   34,  16,  0,   0,   0,   67,  17,  0,   14,  32,  0,
 1,   17,  33,  0,   104, 48,  32,  1,   34,  0,   51,  0,   11,  27,
 32,  0,   103, 17,  0,   9,   32,  0,   102, 17,  33,  0,   105, 48,
 6,   32,  0,   105, 0,   10,  32,  0,   104, 17,  0,   27,  16,  0,
 2,   32,  0,   97,  17,  34,  0,   27,  0,   157, 26,  16,  6,   0,
 63,  0,   14,  32,  0,   3,   17,  0,   11,  0,   52,  0,   10,  0,
 52,  0,   27,  27,  27,  32,  0,   101, 17,  0,   26,  0,   53,  0,
 9,   27,  16,  32,  0,   13,  32,  0,   10,  0,   158, 27,  16,  6,
 32,  1,   12,  0,   34,  16,  0,   0,   0,   68,  17,  0,   14,  32,
 0,   1,   17,  33,  0,   106, 48,  6,   0,   64,  0,   16,  34,  0,
 89,  17,  0,   26,  16,  0,   9,   32,  0,   106, 17,  0,   11,  32,
 0,   95,  17,  33,  0,   107, 48,  6,   32,  0,   93,  0,   27,  0,
 64,  17,  0,   9,   33,  0,   106, 50,  6,   32,  0,   106, 0,   11,
 32,  0,   107, 17,  32,  0,   13,  32,  0,   10,  0,   159, 27,  16,
 6,   32,  0,   107, 0,   10,  32,  0,   101, 17,  0,   8,   16,  0,
 28,  0,   54,  32,  1,   33,  0,   1,   0,   18,  21,  0,   52,  0,
 13,  0,   50,  0,   25,  27,  27,  27,  16,  33,  0,   108, 48,  6,
 32,  0,   92,  0,   30,  16,  33,  0,   109, 48,  0,   0,   0,   52,
 32,  0,   108, 0,   53,  0,   33,  27,  27,  16,  0,   0,   0,   64,
 17,  33,  0,   110, 48,  6,   32,  0,   3,   0,   33,  32,  0,   109,
 17,  0,   13,  0,   76,  17,  33,  0,   111, 48,  6,   32,  0,   3,
 0,   33,  32,  0,   110, 17,  33,  0,   112, 48,  6,   32,  0,   94,
 0,   33,  32,  0,   110, 17,  0,   6,   0,   63,  17,  0,   13,  32,
 0,   112, 17,  0,   9,   32,  0,   111, 17,  32,  0,   13,  0,   33,
 32,  0,   110, 21,  32,  0,   10,  0,   160, 27,  16,  6,   32,  0,
 1,   0,   33,  32,  0,   109, 17,  0,   42,  0,   1,   26,  32,  1,
 12,  0,   34,  16,  17,  0,   0,   32,  0,   107, 0,   33,  32,  0,
 109, 17,  17,  0,   0,   34,  0,   112, 0,   15,  0,   63,  17,  17,
 0,   0,   32,  0,   111, 17,  33,  0,   113, 48,  6,   32,  0,   77,
 0,   21,  33,  0,   110, 50,  6,   32,  0,   1,   0,   44,  0,   63,
 26,  16,  0,   33,  0,   52,  32,  0,   110, 27,  0,   54,  32,  0,
 77,  0,   44,  0,   72,  26,  16,  0,   21,  32,  0,   113, 17,  27,
 16,  0,   1,   0,   52,  0,   26,  27,  16,  33,  0,   114, 48,  6,
 32,  0,   114, 0,   33,  32,  0,   41,  17,  0,   2,   0,   52,  0,
 49,  0,   0,   26,  0,   14,  0,   63,  21,  0,   10,  0,   52,  0,
 27,  0,   52,  0,   64,  27,  27,  20,  27,  16,  0,   49,  0,   0,
 26,  16,  0,   27,  16,  33,  0,   114, 49,  0,   33,  32,  0,   13,
 17,  33,  0,   115, 48,  0,   2,   16,  33,  0,   116, 48,  6,   32,
 0,   114, 0,   14,  0,   72,  17,  33,  0,   117, 48,  0,   2,   0,
 69,  17,  0,   1,   33,  0,   114, 50,  6,   32,  0,   96,  0,   14,
 0,   64,  17,  0,   2,   32,  0,   116, 17,  0,   6,   33,  0,   25,
 50,  6,   32,  1,   12,  0,   34,  16,  0,   42,  0,   1,   26,  32,
 1,   30,  17,  0,   14,  32,  0,   90,  17,  0,   11,  32,  0,   114,
 17,  32,  0,   47,  16,  33,  0,   118, 48,  6,   32,  0,   25,  0,
 33,  32,  0,   41,  17,  34,  0,   47,  16,  33,  0,   119, 48,  6,
 32,  0,   30,  0,   33,  32,  0,   53,  17,  0,   21,  0,   63,  17,
 0,   42,  0,   1,   26,  0,   64,  17,  1,   22,  16,  6,   32,  0,
 119, 33,  0,   120, 48,  6,   32,  0,   51,  32,  1,   35,  0,   51,
 0,   16,  27,  33,  0,   119, 50,  6,   0,   63,  0,   14,  32,  0,
 75,  17,  0,   9,   32,  0,   119, 17,  0,   24,  0,   64,  17,  32,
 0,   45,  0,   30,  20,  32,  0,   10,  0,   162, 0,   163, 11,  2,
 0,   55,  0,   11,  0,   52,  34,  0,   120, 0,   24,  0,   64,  17,
 27,  0,   47,  0,   10,  26,  20,  27,  27,  16,  6,   32,  0,   119,
 0,   2,   0,   68,  17,  0,   6,   33,  0,   75,  50,  6,   32,  0,
 82,  0,   2,   33,  0,   75,  50,  6,   32,  0,   75,  0,   14,  0,
 68,  17,  0,   33,  32,  0,   46,  17,  0,   33,  32,  0,   13,  17,
 33,  0,   121, 48,  6,   32,  0,   121, 0,   14,  0,   1,   0,   18,
 21,  33,  0,   96,  50,  6,   34,  0,   121, 0,   14,  0,   1,   0,
 18,  21,  33,  0,   97,  50,  6,   32,  1,   30,  0,   1,   32,  0,
 1,   17,  32,  0,   8,   0,   53,  0,   11,  27,  0,   9,   0,   15,
 0,   52,  0,   78,  27,  21,  16,  33,  0,   122, 48,  6,   32,  1,
 30,  0,   0,   32,  0,   8,   17,  0,   16,  32,  0,   1,   17,  0,
 9,   34,  0,   117, 0,   33,  32,  0,   13,  17,  17,  33,  0,   123,
 48,  0,   30,  16,  33,  0,   124, 48,  6,   32,  1,   13,  32,  1,
 22,  0,   11,  0,   34,  0,   0,   0,   69,  21,  0,   53,  0,   14,
 27,  21,  32,  0,   1,   17,  0,   10,  32,  1,   14,  0,   34,  16,
 0,   14,  32,  0,   1,   17,  0,   26,  16,  0,   12,  32,  0,   93,
 17,  17,  0,   10,  34,  0,   123, 17,  0,   10,  34,  0,   122, 17,
 0,   11,  0,   63,  0,   16,  32,  0,   3,   17,  0,   9,   32,  0,
 116, 17,  0,   26,  16,  0,   11,  32,  0,   93,  17,  0,   11,  32,
 0,   91,  17,  17,  33,  0,   125, 48,  6,   32,  0,   116, 0,   11,
 34,  0,   125, 0,   10,  32,  0,   92,  17,  17,  32,  0,   13,  32,
 0,   10,  0,   164, 27,  16,  6,   32,  0,   116, 0,   33,  32,  0,
 109, 17,  0,   11,  0,   68,  0,   14,  34,  0,   113, 17,  0,   9,
 34,  0,   115, 0,   33,  32,  0,   109, 17,  0,   13,  0,   65,  17,
 17,  17,  32,  0,   13,  0,   33,  32,  0,   109, 21,  32,  0,   10,
 0,   165, 27,  16,  6,   32,  0,   116, 0,   12,  0,   52,  0,   27,
 27,  16,  0,   9,   32,  0,   3,   0,   15,  0,   63,  17,  17,  0,
 9,   32,  0,   94,  0,   11,  0,   63,  17,  17,  0,   11,  32,  0,
 91,  17,  32,  0,   13,  32,  0,   10,  0,   166, 27,  16,  6,   32,
 0,   116, 0,   33,  32,  0,   109, 17,  33,  0,   126, 48,  0,   12,
 33,  0,   111, 50,  6,   32,  0,   109, 0,   30,  34,  0,   126, 17,
 33,  0,   127, 48,  6,   32,  0,   111, 0,   42,  0,   30,  26,  33,
 0,   109, 50,  6,   32,  0,   77,  0,   44,  0,   64,  26,  16,  0,
 21,  34,  0,   111, 17,  0,   42,  0,   30,  26,  33,  0,   110, 50,
 6,   34,  0,   17,  0,   27,  16,  33,  0,   128, 48,  0,   30,  16,
 33,  0,   129, 48,  6,   32,  0,   90,  32,  0,   8,   0,   53,  0,
 11,  27,  0,   9,   0,   15,  0,   52,  0,   63,  27,  21,  16,  0,
 11,  34,  0,   92,  0,   9,   32,  0,   116, 17,  0,   26,  16,  0,
 33,  32,  0,   41,  17,  0,   10,  34,  0,   128, 17,  0,   10,  34,
 0,   76,  17,  17,  0,   30,  16,  33,  0,   130, 48,  6,   32,  0,
 114, 0,   33,  32,  0,   81,  17,  33,  0,   131, 48,  0,   11,  0,
 63,  17,  33,  0,   132, 48,  6,   0,   68,  0,   68,  11,  2,   32,
 1,   22,  34,  0,   114, 0,   33,  32,  0,   130, 17,  33,  0,   133,
 48,  17,  33,  0,   134, 48,  6,   0,   67,  0,   11,  34,  0,   131,
 17,  0,   9,   32,  0,   132, 17,  32,  0,   81,  32,  0,   10,  0,
 167, 27,  16,  6,   32,  0,   46,  0,   33,  32,  0,   130, 17,  33,
 0,   135, 48,  6,   32,  0,   90,  0,   33,  32,  0,   130, 17,  33,
 0,   136, 48,  6,   32,  0,   7,   0,   13,  16,  0,   11,  32,  0,
 136, 17,  0,   9,   32,  0,   135, 0,   14,  0,   63,  17,  17,  0,
 9,   32,  0,   134, 17,  33,  0,   137, 48,  6,   32,  0,   7,   0,
 33,  32,  0,   136, 0,   30,  32,  0,   137, 17,  17,  33,  0,   138,
 48,  0,   14,  0,   63,  17,  32,  0,   130, 0,   30,  32,  0,   137,
 21,  32,  0,   10,  0,   168, 27,  16,  6,   32,  0,   134, 0,   30,
 0,   52,  34,  0,   137, 27,  0,   54,  34,  0,   138, 0,   15,  0,
 63,  17,  27,  16,  33,  0,   134, 49,  6,   0,   63,  0,   15,  32,
 0,   7,   17,  0,   30,  16,  33,  0,   139, 48,  0,   44,  0,   63,
 26,  16,  33,  0,   140, 48,  6,   32,  0,   136, 0,   30,  32,  0,
 134, 17,  33,  0,   141, 48,  0,   21,  32,  0,   139, 17,  0,   39,
 32,  0,   85,  0,   13,  16,  0,   21,  32,  0,   135, 0,   30,  32,
 0,   134, 17,  33,  0,   142, 48,  17,  0,   21,  32,  0,   140, 17,
 33,  0,   143, 48,  17,  33,  0,   144, 48,  6,   32,  0,   33,  0,
 33,  34,  0,   53,  17,  0,   42,  0,   1,   26,  0,   64,  17,  0,
 21,  32,  0,   1,   0,   13,  16,  17,  0,   33,  32,  0,   142, 17,
 0,   21,  34,  0,   33,  0,   30,  34,  0,   45,  17,  0,   21,  0,
 59,  17,  0,   33,  34,  0,   135, 17,  0,   0,   32,  0,   133, 0,
 14,  0,   64,  17,  17,  17,  33,  0,   145, 48,  6,   32,  0,   145,
 0,   31,  16,  0,   33,  0,   52,  32,  0,   141, 0,   21,  32,  0,
 136, 17,  33,  0,   146, 48,  0,   53,  0,   33,  27,  0,   31,  20,
 27,  16,  33,  0,   147, 48,  6,   32,  0,   147, 0,   30,  0,   52,
 0,   15,  0,   52,  32,  0,   134, 0,   13,  16,  27,  27,  16,  1,
 23,  16,  6,   32,  0,   147, 0,   33,  34,  0,   141, 0,   44,  0,
 59,  26,  16,  0,   21,  32,  0,   134, 17,  0,   33,  32,  0,   147,
 17,  0,   49,  0,   0,   26,  16,  33,  0,   148, 48,  0,   31,  16,
 17,  0,   30,  0,   52,  32,  0,   134, 0,   13,  16,  0,   53,  0,
 11,  27,  27,  16,  33,  0,   147, 49,  6,   32,  0,   147, 0,   42,
 0,   33,  26,  33,  0,   134, 50,  6,   32,  0,   147, 0,   42,  0,
 33,  26,  33,  0,   130, 50,  6,   32,  0,   147, 0,   42,  0,   33,
 26,  33,  0,   133, 50,  6,   34,  0,   148, 0,   11,  0,   63,  17,
 0,   10,  0,   52,  0,   27,  27,  16,  0,   8,   16,  0,   47,  0,
 0,   26,  16,  33,  0,   149, 48,  6,   34,  0,   136, 0,   33,  32,
 0,   147, 0,   23,  32,  0,   149, 17,  17,  33,  0,   150, 48,  6,
 32,  0,   7,   0,   13,  16,  0,   16,  32,  0,   150, 17,  32,  0,
 130, 0,   23,  32,  0,   149, 21,  32,  0,   10,  32,  0,   150, 0,
 53,  0,   30,  27,  0,   38,  20,  32,  1,   26,  0,   169, 21,  27,
 16,  6,   32,  0,   133, 0,   11,  0,   63,  17,  33,  0,   151, 48,
 0,   9,   0,   69,  0,   11,  34,  0,   133, 17,  17,  33,  0,   152,
 48,  6,   34,  0,   32,  0,   33,  32,  0,   130, 17,  0,   33,  0,
 52,  32,  0,   134, 32,  1,   34,  16,  0,   24,  32,  0,   149, 17,
 27,  0,   21,  34,  0,   7,   0,   6,   0,   63,  17,  0,   1,   16,
 33,  0,   153, 48,  0,   33,  32,  0,   150, 17,  21,  0,   1,   0,
 19,  21,  16,  33,  0,   154, 48,  6,   32,  0,   154, 0,   11,  0,
 63,  17,  0,   9,   32,  0,   152, 17,  32,  0,   130, 32,  0,   10,
 0,   170, 27,  16,  6,   34,  0,   152, 32,  1,   36,  0,   24,  0,
 64,  21,  0,   16,  0,   30,  21,  32,  0,   134, 17,  33,  0,   155,
 48,  0,   33,  34,  0,   147, 0,   30,  32,  0,   134, 17,  0,   31,
 16,  33,  0,   156, 48,  17,  0,   21,  34,  0,   140, 17,  0,   39,
 34,  0,   143, 17,  33,  0,   157, 48,  6,   34,  0,   142, 0,   21,
 34,  0,   153, 17,  0,   36,  0,   0,   32,  0,   85,  0,   53,  0,
 33,  27,  21,  16,  0,   19,  0,   24,  0,   52,  0,   13,  27,  34,
 0,   139, 21,  0,   33,  0,   52,  0,   31,  27,  34,  0,   156, 21,
 0,   33,  32,  0,   134, 0,   24,  34,  0,   149, 17,  0,   49,  0,
 0,   26,  0,   59,  17,  21,  0,   21,  0,   33,  0,   52,  34,  0,
 150, 27,  21,  16,  33,  0,   158, 48,  6,   32,  0,   154, 0,   11,
 0,   63,  17,  32,  1,   36,  0,   11,  34,  0,   155, 0,   21,  0,
 64,  17,  21,  0,   33,  0,   52,  0,   49,  0,   0,   26,  27,  0,
 18,  21,  32,  0,   134, 17,  0,   9,   32,  0,   134, 0,   26,  0,
 64,  17,  0,   11,  32,  0,   151, 17,  17,  33,  0,   159, 48,  6,
 32,  0,   90,  0,   33,  32,  0,   81,  17,  0,   0,   0,   69,  17,
 0,   0,   32,  0,   82,  0,   2,   0,   69,  17,  0,   33,  32,  0,
 46,  0,   33,  32,  0,   81,  17,  33,  0,   160, 48,  17,  17,  33,
 0,   161, 48,  6,   34,  0,   160, 0,   2,   0,   72,  17,  0,   0,
 32,  0,   161, 17,  0,   28,  0,   54,  0,   37,  27,  16,  0,   21,
 33,  0,   159, 50,  6,   0,   64,  0,   1,   32,  0,   77,  17,  0,
 42,  0,   33,  26,  32,  0,   13,  17,  0,   0,   0,   64,  17,  32,
 0,   129, 32,  0,   81,  0,   21,  32,  0,   130, 17,  11,  3,   0,
 30,  0,   69,  0,   68,  0,   69,  11,  3,   17,  0,   21,  16,  33,
 0,   162, 48,  6,   34,  0,   132, 0,   21,  34,  0,   151, 17,  0,
 12,  0,   2,   0,   68,  21,  0,   0,   0,   19,  21,  34,  0,   159,
 17,  0,   0,   0,   79,  17,  33,  0,   163, 48,  6,   32,  0,   77,
 0,   44,  0,   79,  26,  16,  32,  0,   77,  0,   44,  0,   63,  26,
 16,  34,  0,   71,  0,   30,  34,  0,   73,  17,  32,  0,   129, 0,
 44,  0,   80,  26,  16,  34,  0,   90,  0,   33,  34,  0,   129, 17,
 34,  0,   163, 34,  0,   81,  0,   44,  0,   63,  26,  16,  0,   21,
 34,  0,   154, 17,  34,  0,   161, 0,   21,  34,  0,   158, 17,  11,
 8,   33,  0,   164, 48,  6,   32,  0,   101, 0,   8,   16,  0,   49,
 0,   0,   26,  16,  32,  1,   33,  0,   1,   0,   19,  21,  32,  0,
 93,  17,  0,   7,   0,   10,  0,   12,  21,  0,   68,  17,  0,   9,
 32,  0,   95,  17,  33,  0,   165, 48,  6,   34,  0,   98,  0,   27,
 16,  0,   10,  0,   64,  0,   14,  32,  0,   3,   17,  17,  33,  0,
 166, 48,  0,   11,  32,  0,   116, 0,   11,  32,  0,   93,  17,  0,
 10,  0,   52,  0,   26,  27,  16,  0,   10,  32,  0,   101, 17,  0,
 10,  34,  0,   165, 17,  0,   10,  32,  0,   91,  17,  33,  0,   167,
 48,  17,  0,   30,  16,  33,  0,   168, 48,  6,   34,  0,   166, 0,
 10,  34,  0,   167, 17,  0,   12,  32,  0,   95,  17,  32,  0,   13,
 32,  0,   10,  0,   171, 27,  16,  6,   0,   63,  0,   14,  32,  0,
 3,   17,  0,   11,  32,  0,   101, 17,  0,   10,  0,   63,  0,   16,
 32,  0,   3,   17,  0,   9,   34,  0,   95,  17,  17,  0,   8,   16,
 0,   2,   0,   68,  17,  0,   6,   34,  0,   96,  17,  0,   26,  0,
 68,  17,  0,   33,  32,  0,   168, 17,  33,  0,   169, 48,  0,   13,
 0,   68,  17,  33,  0,   170, 48,  6,   32,  1,   23,  0,   11,  32,
 0,   1,   17,  0,   11,  34,  0,   91,  17,  0,   30,  16,  33,  0,
 171, 48,  0,   42,  0,   33,  26,  32,  0,   1,   17,  33,  0,   172,
 48,  0,   9,   16,  0,   38,  16,  33,  0,   173, 48,  0,   27,  0,
 1,   0,   19,  21,  0,   59,  17,  0,   30,  16,  0,   33,  34,  0,
 172, 17,  33,  0,   174, 48,  6,   34,  0,   8,   0,   0,   32,  1,
 30,  17,  33,  0,   175, 48,  0,   16,  32,  0,   1,   17,  0,   30,
 16,  33,  0,   176, 48,  0,   21,  34,  0,   171, 17,  33,  0,   177,
 48,  6,   32,  0,   1,   0,   33,  34,  0,   176, 17,  0,   0,   32,
 0,   173, 0,   13,  16,  0,   42,  0,   1,   26,  34,  0,   175, 17,
 17,  0,   21,  33,  0,   174, 50,  6,   34,  0,   41,  0,   33,  34,
 0,   38,  17,  33,  0,   178, 48,  6,   0,   63,  0,   21,  32,  0,
 105, 17,  0,   49,  0,   0,   26,  16,  0,   30,  0,   64,  0,   21,
 32,  0,   104, 17,  17,  0,   24,  0,   64,  17,  0,   27,  0,   53,
 0,   1,   27,  16,  0,   0,   34,  0,   93,  0,   26,  0,   64,  17,
 0,   30,  34,  0,   104, 17,  0,   8,   16,  17,  0,   42,  0,   21,
 26,  34,  0,   35,  17,  33,  0,   179, 48,  6,   0,   77,  0,   14,
 32,  0,   3,   17,  0,   27,  16,  0,   10,  34,  0,   105, 17,  0,
 10,  32,  0,   97,  0,   14,  0,   68,  17,  17,  0,   12,  34,  0,
 102, 17,  0,   30,  16,  0,   21,  34,  0,   77,  0,   30,  0,   52,
 0,   8,   27,  32,  0,   78,  17,  17,  33,  0,   180, 48,  6,   34,
 0,   103, 0,   30,  16,  33,  0,   181, 48,  6,   32,  1,   11,  0,
 34,  16,  0,   0,   0,   68,  17,  0,   14,  32,  0,   1,   17,  0,
 30,  16,  33,  0,   182, 48,  6,   32,  0,   170, 0,   0,   32,  0,
 168, 17,  0,   0,   0,   52,  32,  0,   108, 0,   53,  0,   33,  27,
 0,   2,   32,  0,   170, 21,  27,  16,  33,  0,   183, 48,  6,   32,
 0,   183, 0,   30,  34,  0,   97,  0,   33,  32,  0,   168, 17,  33,
 0,   184, 48,  0,   14,  0,   68,  17,  33,  0,   185, 48,  0,   2,
 32,  0,   170, 0,   0,   0,   64,  17,  17,  17,  0,   21,  33,  0,
 180, 50,  6,   32,  0,   185, 0,   8,   16,  33,  0,   185, 49,  6,
 32,  0,   185, 0,   42,  0,   30,  26,  33,  0,   168, 50,  6,   32,
 0,   185, 0,   42,  0,   30,  26,  33,  0,   183, 50,  6,   34,  0,
 78,  0,   1,   16,  0,   21,  34,  0,   106, 0,   0,   32,  0,   107,
 17,  0,   0,   32,  0,   1,   17,  0,   33,  34,  0,   109, 17,  0,
 42,  0,   1,   26,  32,  1,   12,  0,   34,  16,  0,   0,   0,   64,
 17,  17,  0,   6,   0,   63,  17,  17,  0,   0,   0,   81,  17,  33,
 0,   186, 48,  6,   32,  0,   177, 32,  0,   177, 32,  0,   178, 32,
 0,   178, 32,  0,   124, 32,  0,   36,  0,   30,  0,   68,  17,  32,
 0,   110, 32,  0,   180, 32,  0,   182, 0,   64,  0,   0,   32,  0,
 127, 17,  0,   64,  0,   0,   32,  0,   127, 17,  34,  0,   108, 0,
 33,  32,  0,   99,  17,  0,   6,   0,   64,  17,  0,   0,   32,  0,
 99,  17,  34,  0,   183, 32,  0,   181, 11,  14,  0,   21,  16,  0,
 42,  0,   33,  26,  32,  0,   13,  17,  0,   21,  34,  0,   162, 17,
 33,  0,   187, 48,  0,   31,  16,  33,  0,   188, 48,  6,   34,  0,
 177, 0,   44,  0,   63,  26,  16,  34,  0,   174, 32,  0,   178, 0,
 44,  0,   64,  26,  16,  34,  0,   178, 0,   13,  16,  0,   25,  16,
 0,   0,   0,   64,  17,  34,  0,   124, 0,   44,  0,   82,  26,  16,
 34,  0,   179, 0,   22,  34,  0,   116, 0,   33,  34,  0,   36,  17,
 0,   0,   0,   60,  17,  17,  0,   29,  16,  0,   20,  16,  34,  0,
 186, 34,  0,   180, 0,   44,  0,   72,  26,  16,  34,  0,   182, 0,
 44,  0,   83,  26,  16,  32,  0,   127, 0,   44,  0,   84,  26,  16,
 34,  0,   1,   0,   33,  0,   64,  0,   1,   34,  0,   127, 17,  17,
 0,   42,  0,   1,   26,  32,  1,   30,  17,  34,  0,   3,   0,   33,
 32,  0,   99,  17,  0,   0,   0,   85,  17,  34,  0,   94,  0,   33,
 32,  0,   168, 17,  0,   11,  0,   63,  17,  0,   2,   0,   67,  17,
 0,   0,   34,  0,   169, 0,   14,  0,   64,  17,  0,   6,   34,  0,
 184, 17,  0,   2,   0,   68,  17,  0,   0,   34,  0,   170, 17,  0,
 30,  34,  0,   185, 17,  17,  0,   0,   0,   86,  17,  32,  0,   118,
 0,   0,   0,   87,  17,  33,  0,   189, 48,  0,   24,  0,   59,  17,
 11,  14,  0,   21,  34,  0,   164, 17,  0,   21,  16,  0,   33,  32,
 0,   188, 17,  33,  0,   190, 48,  6,   0,   19,  0,   42,  0,   33,
 26,  32,  0,   13,  21,  0,   21,  0,   13,  0,   53,  0,   42,  0,
 24,  0,   52,  0,   1,   27,  26,  27,  21,  33,  0,   191, 48,  6,
 34,  0,   110, 0,   42,  0,   1,   26,  0,   64,  17,  34,  0,   99,
 32,  0,   168, 11,  3,   0,   21,  16,  32,  0,   191, 32,  0,   5,
 0,   13,  16,  0,   42,  0,   1,   26,  0,   64,  17,  0,   5,   34,
 0,   187, 17,  0,   28,  0,   52,  0,   13,  0,   50,  0,   1,   27,
 27,  32,  0,   181, 17,  17,  33,  0,   192, 48,  6,   32,  0,   5,
 32,  0,   6,   11,  2,   0,   44,  0,   33,  0,   52,  0,   28,  0,
 52,  32,  0,   181, 0,   13,  16,  27,  0,   33,  32,  0,   188, 21,
 0,   42,  0,   21,  26,  0,   59,  21,  27,  26,  32,  0,   192, 34,
 0,   107, 0,   10,  34,  0,   101, 17,  0,   8,   16,  0,   27,  16,
 32,  1,   34,  16,  0,   33,  34,  0,   168, 17,  34,  0,   191, 34,
 0,   192, 17,  11,  2,   17,  33,  0,   193, 48,  6,   32,  0,   75,
 0,   13,  0,   64,  17,  0,   9,   32,  0,   82,  17,  0,   10,  33,
 0,   52,  50,  0,   30,  16,  33,  0,   194, 48,  0,   42,  0,   33,
 26,  34,  0,   75,  17,  33,  0,   195, 48,  0,   14,  0,   64,  17,
 0,   0,   0,   64,  17,  33,  0,   196, 48,  0,   30,  16,  33,  0,
 197, 48,  6,   34,  0,   195, 0,   11,  0,   64,  17,  0,   0,   32,
 0,   48,  0,   44,  0,   63,  26,  16,  0,   30,  0,   52,  34,  0,
 48,  27,  0,   54,  34,  0,   58,  27,  16,  0,   33,  32,  0,   194,
 17,  0,   2,   0,   68,  17,  17,  0,   5,   0,   67,  17,  33,  0,
 198, 48,  6,   32,  0,   51,  0,   33,  32,  0,   194, 17,  33,  0,
 199, 48,  0,   49,  0,   0,   26,  0,   59,  17,  33,  0,   200, 48,
 6,   32,  0,   198, 0,   0,   34,  0,   196, 17,  0,   33,  0,   52,
 0,   32,  0,   50,  0,   33,  0,   52,  32,  0,   200, 0,   53,  0,
 33,  27,  0,   31,  20,  0,   30,  34,  0,   199, 21,  27,  27,  27,
 16,  0,   6,   32,  0,   82,  0,   30,  32,  0,   52,  0,   9,   32,
 0,   51,  17,  17,  0,   8,   16,  0,   1,   0,   68,  17,  17,  33,
 0,   201, 48,  6,   32,  0,   194, 0,   33,  32,  0,   197, 17,  0,
 39,  32,  0,   201, 0,   49,  0,   0,   26,  16,  0,   21,  0,   63,
 17,  0,   24,  0,   33,  34,  0,   200, 21,  0,   0,   34,  0,   198,
 21,  0,   33,  0,   0,   0,   18,  0,   50,  0,   36,  27,  21,  34,
 0,   197, 21,  0,   42,  0,   21,  26,  0,   23,  21,  0,   59,  17,
 17,  0,   39,  0,   52,  0,   30,  27,  34,  0,   201, 17,  33,  0,
 194, 49,  6,   34,  0,   83,  0,   30,  32,  0,   51,  17,  34,  0,
 82,  0,   8,   16,  0,   30,  32,  0,   51,  17,  32,  0,   51,  0,
 30,  16,  0,   30,  0,   52,  34,  0,   52,  0,   30,  34,  0,   51,
 17,  27,  0,   54,  34,  0,   194, 27,  16,  11,  3,   33,  0,   202,
 48,  6,   34,  0,   181, 0,   13,  0,   51,  0,   1,   27,  32,  0,
 190, 17,  0,   16,  34,  0,   188, 17,  0,   21,  0,   64,  17,  0,
 30,  16,  32,  0,   144, 0,   44,  0,   13,  26,  16,  0,   0,   34,
 0,   85,  17,  34,  0,   144, 34,  0,   157, 11,  4,   33,  0,   203,
 48,  6,   34,  0,   189, 0,   34,  0,   59,  17,  0,   21,  34,  0,
 190, 17,  34,  0,   173, 34,  0,   202, 34,  0,   203, 34,  0,   193,
 11,  5,   7,   11,  0,   0,   44,  0,   172, 0,   50,  0,   40,  27,
 26,  11,  0,   0,   63,  0,   25,  16,  11,  4,   33,  0,   3,   48,
 6,   34,  0,   2,   0,   13,  0,   11,  0,   67,  21,  0,   57,  0,
 11,  0,   51,  0,   22,  27,  27,  16,  0,   41,  34,  0,   3,   26,
 0,   24,  0,   13,  21,  0,   53,  0,   21,  27,  16,  33,  0,   4,
 33,  0,   5,   33,  0,   6,   33,  0,   7,   12,  4,   48,  6,   34,
 0,   1,   32,  1,   37,  34,  0,   5,   32,  0,   6,   11,  2,   17,
 33,  0,   8,   48,  33,  0,   9,   33,  0,   10,  33,  0,   11,  33,
 0,   12,  33,  0,   13,  12,  5,   48,  6,   34,  0,   9,   32,  1,
 39,  34,  0,   10,  32,  0,   11,  0,   34,  16,  34,  0,   12,  34,
 0,   13,  34,  0,   6,   0,   44,  0,   63,  26,  16,  0,   27,  34,
 0,   7,   17,  11,  5,   17,  33,  0,   14,  33,  0,   15,  33,  0,
 16,  33,  0,   17,  33,  0,   18,  12,  5,   48,  6,   34,  0,   14,
 34,  0,   11,  0,   24,  0,   64,  17,  0,   21,  34,  0,   4,   0,
 33,  34,  0,   15,  17,  11,  1,   17,  0,   21,  16,  34,  0,   16,
 0,   12,  16,  0,   29,  16,  0,   43,  0,   11,  26,  16,  34,  0,
 17,  0,   12,  16,  0,   29,  16,  0,   43,  0,   11,  26,  16,  34,
 0,   18,  34,  0,   8,   11,  6,   7,   34,  0,   1,   34,  0,   2,
 16,  7,   32,  0,   1,   0,   33,  0,   52,  32,  0,   2,   0,   30,
 34,  0,   1,   17,  27,  0,   54,  0,   44,  0,   64,  26,  27,  16,
 32,  1,   13,  34,  0,   2,   0,   42,  0,   33,  26,  16,  17,  7,
 34,  0,   1,   0,   30,  16,  0,   34,  16,  0,   115, 11,  2,   0,
 40,  16,  7,   34,  0,   1,   0,   21,  0,   63,  17,  0,   33,  0,
 52,  0,   49,  0,   0,   26,  27,  32,  1,   31,  17,  0,   9,   32,
 1,   32,  17,  0,   30,  16,  0,   116, 11,  2,   0,   40,  16,  7,
 32,  1,   26,  0,   30,  34,  0,   1,   17,  0,   117, 11,  2,   0,
 40,  16,  7,   32,  1,   26,  0,   30,  34,  0,   1,   17,  0,   118,
 11,  2,   0,   40,  16,  7,   34,  0,   2,   0,   30,  34,  0,   1,
 17,  0,   42,  0,   33,  26,  32,  1,   26,  17,  0,   119, 11,  2,
 0,   40,  16,  7,   32,  0,   2,   0,   42,  0,   30,  26,  33,  1,
 26,  50,  6,   32,  0,   2,   0,   42,  0,   30,  26,  33,  1,   25,
 50,  6,   34,  0,   1,   0,   30,  34,  0,   2,   17,  7,   0,   47,
 0,   10,  26,  0,   57,  34,  0,   1,   0,   11,  0,   51,  0,   22,
 27,  34,  0,   2,   0,   53,  0,   30,  27,  21,  0,   40,  20,  27,
 7,   0,   63,  0,   28,  0,   53,  0,   45,  0,   14,  26,  27,  0,
 48,  1,   24,  26,  0,   19,  0,   50,  0,   44,  0,   63,  26,  27,
 21,  0,   34,  0,   59,  21,  11,  2,   0,   55,  0,   13,  0,   11,
 0,   63,  21,  0,   51,  0,   9,   27,  27,  33,  0,   3,   48,  6,
 1,   25,  33,  0,   4,   48,  6,   0,   63,  32,  0,   4,   0,   129,
 27,  0,   42,  0,   64,  34,  0,   4,   0,   130, 27,  26,  11,  2,
 0,   55,  0,   13,  0,   51,  0,   12,  27,  27,  33,  0,   5,   48,
 6,   34,  0,   1,   34,  0,   5,   0,   131, 11,  2,   0,   55,  0,
 13,  0,   51,  0,   5,   27,  0,   11,  34,  0,   3,   21,  27,  34,
 0,   2,   19,  0,   40,  16,  7,   0,   14,  0,   57,  0,   47,  0,
 10,  26,  27,  0,   57,  34,  0,   1,   0,   11,  0,   51,  0,   22,
 27,  34,  0,   2,   0,   53,  0,   30,  27,  0,   42,  0,   64,  0,
 56,  0,   33,  27,  26,  0,   41,  32,  1,   6,   26,  0,   22,  32,
 1,   5,   21,  21,  0,   29,  0,   50,  0,   9,   27,  20,  21,  0,
 40,  20,  27,  7,   32,  1,   15,  0,   21,  0,   63,  17,  0,   30,
 32,  0,   1,   17,  0,   13,  32,  2,   13,  0,   34,  16,  0,   0,
 0,   67,  17,  17,  32,  1,   13,  0,   21,  0,   63,  21,  0,   30,
 34,  0,   1,   21,  32,  1,   10,  0,   136, 27,  16,  7,   34,  0,
 1,   0,   6,   33,  1,   25,  50,  0,   14,  0,   68,  17,  32,  1,
 26,  32,  1,   10,  34,  0,   4,   27,  16,  7,   32,  2,   24,  32,
 2,   22,  34,  0,   1,   17,  0,   9,   32,  1,   46,  0,   14,  0,
 63,  17,  17,  7,   32,  1,   5,   0,   33,  0,   52,  32,  0,   1,
 27,  0,   54,  32,  1,   5,   0,   33,  32,  0,   2,   17,  27,  16,
 33,  1,   5,   49,  6,   32,  1,   6,   0,   33,  0,   52,  34,  0,
 2,   27,  0,   54,  32,  1,   6,   0,   33,  34,  0,   1,   17,  27,
 16,  33,  1,   6,   49,  7,   32,  1,   24,  0,   33,  32,  0,   1,
 17,  0,   2,   0,   52,  0,   8,   27,  32,  1,   118, 17,  0,   6,
 33,  1,   119, 50,  0,   14,  0,   68,  17,  32,  1,   30,  0,   50,
 0,   31,  27,  0,   33,  34,  0,   1,   21,  32,  1,   10,  0,   161,
 27,  16,  7,   32,  1,   145, 0,   33,  0,   52,  32,  0,   1,   27,
 0,   13,  0,   52,  0,   27,  27,  20,  0,   51,  0,   10,  27,  32,
 1,   146, 17,  0,   8,   16,  32,  1,   130, 0,   30,  0,   52,  32,
 1,   134, 27,  0,   53,  0,   21,  27,  20,  0,   33,  34,  0,   1,
 21,  32,  1,   10,  0,   168, 27,  16,  7,   32,  0,   1,   0,   27,
 16,  0,   0,   34,  0,   2,   19,  0,   49,  0,   6,   26,  16,  0,
 6,   34,  0,   1,   17,  7,   0,   36,  0,   14,  0,   18,  0,   50,
 0,   13,  27,  21,  0,   42,  0,   30,  26,  0,   19,  21,  0,   0,
 34,  0,   2,   21,  0,   42,  0,   33,  26,  32,  3,   5,   21,  0,
 21,  0,   109, 21,  0,   21,  34,  0,   1,   21,  0,   21,  0,   128,
 21,  7},
{runtime[0],
runtime[1],
runtime[2],
runtime[3],
runtime[4],
runtime[6],
runtime[7],
runtime[8],
runtime[9],
runtime[10],
runtime[11],
runtime[12],
runtime[13],
runtime[14],
runtime[15],
runtime[16],
runtime[17],
runtime[19],
runtime[20],
runtime[21],
runtime[22],
runtime[23],
runtime[24],
runtime[25],
runtime[26],
runtime[27],
runtime[28],
runtime[29],
runtime[30],
runtime[31],
runtime[32],
runtime[33],
runtime[34],
runtime[35],
runtime[36],
runtime[37],
runtime[38],
runtime[39],
runtime[40],
runtime[41],
runtime[42],
runtime[43],
runtime[44],
runtime[45],
runtime[46],
runtime[47],
runtime[48],
runtime[49],
runtime[50],
runtime[51],
runtime[52],
runtime[53],
runtime[54],
runtime[55],
runtime[56],
runtime[58],
runtime[59],
runtime[61],
 10,
 -1,
 11,
 26,
 9,
 0,
 1,
 5,
 8,
 4,
 2,
 3,
 -3,
 -2,
 6,
 17,
 3.141592653589793,
make_shared<Number>(1.0 / 0.0),
 -4,
 -5,
 -6,
 32,
 64,
 48,
 43,
 42,
 66,
 24,
 16,
 7,
make_shared<Character>(U'\0'),
make_shared<Character>(U'0'),
make_shared<Character>(U'#'),
make_shared<Character>(U'\''),
make_shared<Character>(U'\"'),
make_shared<Character>(U'@'),
make_shared<Array>(U"+-|<>=/!"),
make_shared<Array>(U"`"),
make_shared<Array>(U""),
make_shared<Array>(U","),
make_shared<Array>(U":;?"),
make_shared<Array>(U""),
make_shared<Array>(U"(){}"),
make_shared<Array>(U""),
make_shared<Array>(U""),
make_shared<Array>(U""),
make_shared<Array>(U"."),
make_shared<Array>(U"_"),
make_shared<Array>(U"aA"),
make_shared<Array>(U""),
make_shared<Array>(U""),
make_shared<Array>(U" "),
make_shared<Array>(U"#\'\"@"),
make_shared<Array>(U"s"),
make_shared<Array>(U"Unknown character"),
make_shared<Array>(U": "),
make_shared<Array>(U""),
make_shared<Array>(U"Unclosed quote"),
make_shared<Array>(U"Words can\'t only have underscores"),
make_shared<Array>(U"System dot with no name"),
make_shared<Array>(U" can\'t be used with other word characters"),
make_shared<Array>(U"Numbers can\'t start with underscores"),
make_shared<Array>(U"Letter"),
make_shared<Array>(U" \""),
make_shared<Array>(U"\" not allowed in numbers"),
make_shared<Array>(U"ea"),
make_shared<Array>(U"Negative sign in the middle of a number"),
make_shared<Array>(U"Portion of a number is empty"),
make_shared<Array>(U"Ill-formed decimal or exponent use"),
make_shared<Array>(U" and  must occur alone"),
make_shared<Array>(U"Missing "),
make_shared<Array>(U"opening"),
make_shared<Array>(U"closing"),
make_shared<Array>(U"Malformed bracket nesting"),
make_shared<Array>(U"Empty program"),
make_shared<Array>(U"Swapped open and closed brackets"),
make_shared<Array>(U"Parentheses can\'t contain separators"),
make_shared<Array>(U"Predicates can\'t be placed inside lists"),
make_shared<Array>(U"Empty statement or expression"),
make_shared<Array>(U"Invalid assignment or stranding use"),
make_shared<Array>(U"Dot must be followed by a name"),
make_shared<Array>(U"Can\'t strand Nothing ()"),
make_shared<Array>(U"Punctuation : ; ? not allowed outside blocks"),
make_shared<Array>(U"Header-less bodies must come last"),
make_shared<Array>(U"At most two header-less bodies allowed"),
make_shared<Array>(U"Invalid Undo header syntax"),
make_shared<Array>(U"Only one header per body allowed"),
make_shared<Array>(U"Missing operand in header"),
make_shared<Array>(U"Invalid header structure"),
make_shared<Array>(U"Incorrect special name"),
make_shared<Array>(U"Header left argument without right"),
make_shared<Array>(U"Header operation must be a plain name"),
make_shared<Array>(U"Block header conflicts with special names"),
make_shared<Array>(U"Special name outside of any block"),
make_shared<Array>(
U"Only blocks with explicit arguments can have multiple bodies"),
make_shared<Array>(U"Block bodies must be of the same kind"),
make_shared<Array>(U"Dot must be preceded by a subject"),
make_shared<Array>(U"Nothing () cannot be assigned"),
make_shared<Array>(U"Missing operand"),
make_shared<Array>(U"Can\'t use Nothing () in lists"),
make_shared<Array>(U"Double subjects (missing ?)"),
make_shared<Array>(U"No right-hand side in non-modified assignment"),
make_shared<Array>(U"Role of the two sides in assignment must match"),
make_shared<Array>(U"Can\'t return Nothing ()"),
make_shared<Array>(U"Invalid use of  in monadic case"),
make_shared<Array>(U"Unreachable body"),
make_shared<Array>(U"Assignment target must be a name or list of targets"),
make_shared<Array>(U"Can\'t nest assignments (write aliases with )"),
make_shared<Array>(U"Can\'t use result of function/modifier assignment without "
U"parentheses"),
make_shared<Array>(U"Can\'t define special name"),
make_shared<Array>(U"Redefinition"),
make_shared<Array>(U"Undefined identifier"),
make_shared<Array>(U"Can\'t export from surrounding scope"),
make_shared<Array>(U"Second-level parts of a train must be functions"),
make_shared<Array>(U"System values not supported")},
{{0, 1, 0},          {1, 0, 1},          {1, 1, 2},
 {0, 0, {{}, {3}}},  {0, 0, {{}, {4}}},  {0, 0, {{}, {5}}},
 {0, 0, {{}, {6}}},  {0, 0, {{}, {7}}},  {0, 0, {{}, {8}}},
 {0, 0, 9},          {0, 0, 10},         {0, 0, 11},
 {0, 0, 12},         {0, 0, {{}, {13}}}, {0, 0, {{}, {14}}},
 {2, 1, 15},         {0, 0, 16},         {2, 1, 17},
 {0, 0, 18},         {1, 0, 19},         {0, 0, 20},
 {0, 0, {{}, {21}}}, {0, 0, 22},         {0, 0, 23},
 {0, 0, 24},         {2, 1, 25}},
{{0, 41},     {600, 5},   {619, 5},   {738, 57},  {2944, 23}, {3769, 204},
 {12085, 19}, {12328, 3}, {12336, 3}, {12376, 3}, {12393, 3}, {12432, 3},
 {12449, 3},  {12466, 3}, {12492, 3}, {12528, 3}, {12559, 6}, {12691, 3},
 {12758, 3},  {12808, 5}, {12834, 3}, {12856, 3}, {12914, 3}, {12967, 3},
 {13029, 3},  {13054, 3}}
